open_time,open,high,low,close,volume,quote_volume,trades,taker_buy_quote
1599177600000,4.6000,5.7615,4.1713,4.5533,7615847,37694579.4539,142063,18045804.6008
1599264000000,4.5440,5.0686,1.1250,1.8868,112724401,228961790.8190,825868,116264751.6248
1599350400000,1.8868,3.5349,1.0204,3.1756,195214186,472625263.1954,1086536,241389369.9641
1599436800000,3.1761,3.3940,2.0902,2.8544,116607401,317190195.8912,840011,160177910.3568
1599523200000,2.8547,2.9815,2.2743,2.3762,63146418,168276943.7340,494654,82621227.8413
1599609600000,2.3777,3.1920,2.1447,2.8782,84303606,226978265.8196,601513,111888290.4694
1599696000000,2.8770,3.1500,2.2580,2.3854,73725377,194006539.3269,628953,90273881.5047
1599782400000,2.3856,2.9530,2.0233,2.7176,101266677,253452532.6553,786004,124473999.2814
1599868800000,2.7171,2.7360,2.3055,2.6339,86173270,213291236.5163,625696,101295044.5226
1599955200000,2.6346,2.6538,2.2005,2.3321,55664125,133889067.7743,377458,61941739.8247
1600041600000,2.3331,2.6696,2.1450,2.4669,75692705,182365334.4736,500588,87348874.6546
1600128000000,2.4683,2.6550,1.6874,1.7585,132436464,277203058.8323,875590,130902874.8690
1600214400000,1.7585,1.8018,1.4611,1.5196,99920180,163306708.3228,610970,80349316.8257
1600300800000,1.5193,1.6564,1.3200,1.5344,119045023,172812273.1248,704128,85592852.0422
1600387200000,1.5345,1.8635,1.5323,1.6945,113149005,191653218.2886,688531,97086733.0163
1600473600000,1.6946,1.9498,1.6083,1.7764,63891571,113603920.7317,437661,57496702.4159
1600560000000,1.7769,1.9393,1.5723,1.6470,66779293,115710355.6626,480460,56259328.4644
1600646400000,1.6475,1.7430,1.3353,1.4120,64719481,98613684.2196,381308,47996457.1504
1600732800000,1.4123,1.4644,1.3223,1.3926,39520695,55325661.2690,244403,27212418.7610
1600819200000,1.3913,1.4550,1.2166,1.2698,70618908,94086543.0608,340484,46333564.6770
1600905600000,1.2706,1.4770,1.2472,1.4092,59665548,82617854.7327,294901,40570174.1880
1600992000000,1.4092,1.4425,1.3340,1.4046,41120376,57380691.1713,229048,27816249.2217
1601078400000,1.4050,1.4460,1.3520,1.3966,31276074,44023803.1132,153407,20730525.9917
1601164800000,1.3966,1.4526,1.3350,1.3704,27575546,38178577.0130,127156,17159240.5434
1601251200000,1.3705,1.3958,1.2500,1.2702,29149155,39162114.8199,126124,17778123.0240
1601337600000,1.2701,1.2895,1.1962,1.2551,31460311,39438761.4496,142279,18829606.4524
1601424000000,1.2547,1.3278,1.2400,1.2820,32319452,41461072.9270,139152,20373781.9137
1601510400000,1.2831,1.3512,1.2052,1.2510,30523008,39085211.8245,147855,18146493.8911
1601596800000,1.2508,1.2650,1.0330,1.1171,40697539,46002575.4904,190260,21988093.1794
1601683200000,1.1164,1.1289,1.0488,1.0576,16011998,17635204.7895,86848,7988641.5613
1601769600000,1.0573,1.0691,0.8549,0.8783,47250986,44301930.0146,205986,20939582.7458
1601856000000,0.8786,0.9470,0.8201,0.8454,56713439,49793352.9438,240724,24332224.7666
1601942400000,0.8455,0.8520,0.6200,0.6374,139138145,97661572.2884,446232,48949721.8307
1602028800000,0.6382,0.6822,0.5322,0.6754,163000495,98247175.8311,448685,52672803.5120
1602115200000,0.6755,0.8018,0.5935,0.7770,158084597,110922466.3968,453584,59743988.9262
1602201600000,0.7771,0.8668,0.7350,0.8274,92565413,74437431.6928,309729,37952103.4660
1602288000000,0.8274,0.8744,0.7316,0.7476,82672028,65115513.3679,252125,32543482.9756
1602374400000,0.7482,0.7884,0.6925,0.7601,76636178,57296497.5217,234347,29808187.1192
1602460800000,0.7597,0.8006,0.7274,0.7610,58181195,44770560.9243,198032,22939911.8139
1602547200000,0.7609,0.7696,0.7091,0.7363,35026170,26102408.0364,119158,12884517.2591
1602633600000,0.7362,0.7656,0.6902,0.7189,50492983,36832060.2742,164983,19110028.6832
1602720000000,0.7189,0.7212,0.6652,0.7046,56913289,39596916.1746,172991,20256495.9768
1602806400000,0.7044,0.7069,0.6396,0.6554,58086824,38960389.1351,166478,19674657.7865
1602892800000,0.6556,0.6807,0.6420,0.6631,20089919,13291905.1528,70101,7225872.6451
1602979200000,0.6631,0.7172,0.6597,0.7137,25406639,17634568.7482,84337,9040141.2643
1603065600000,0.7135,0.7249,0.6659,0.6752,23370698,16199912.5735,85642,7911745.8169
1603152000000,0.6752,0.6782,0.6103,0.6261,30419157,19447385.6566,99045,9732751.5473
1603238400000,0.6264,0.6972,0.6211,0.6657,38947827,25685874.7917,120256,13152869.5723
1603324800000,0.6654,0.7207,0.6593,0.6672,31073209,21361317.6959,102255,10311630.8119
1603411200000,0.6675,0.6982,0.6445,0.6662,23373465,15666172.4342,77672,7905898.5150
1603497600000,0.6662,0.6742,0.6441,0.6577,12049541,7939632.1055,44504,3892852.2085
1603584000000,0.6574,0.6604,0.6157,0.6234,14050196,8987045.0349,50888,4296702.3439
1603670400000,0.6232,0.6444,0.5881,0.6251,28098171,17397233.6875,87998,8651291.8682
1603756800000,0.6250,0.7164,0.6237,0.6986,52247053,34927244.3648,153315,17261952.4594
1603843200000,0.6986,0.7054,0.6092,0.6391,45588361,29475182.2067,142860,14580472.8514
1603929600000,0.6391,0.6789,0.6186,0.6448,45344010,29429212.3659,132623,14863345.6115
1604016000000,0.6445,0.6499,0.5850,0.5984,37763199,23051836.0954,124936,11383017.3124
1604102400000,0.5984,0.6367,0.5903,0.6068,19874791,12158686.0763,69149,5976344.3541
1604188800000,0.6067,0.6179,0.5930,0.6079,14221308,8599968.8757,54474,4344075.0215
1604275200000,0.6080,0.6247,0.5821,0.5823,23040954,13770385.3150,75308,6702184.1078
1604361600000,0.5822,0.5822,0.5043,0.5258,46098935,24366879.7273,113709,11760261.5799
1604448000000,0.5259,0.5307,0.4705,0.4905,35595574,17771074.6306,90065,8793660.8608
1604534400000,0.4908,0.5459,0.4795,0.5165,46457258,23799936.5043,114605,12100217.7860
1604620800000,0.5160,0.6362,0.5148,0.6166,50251021,29198696.9661,135720,14695353.8696
1604707200000,0.6163,0.7125,0.5778,0.6045,88653206,57353977.9054,231493,27717339.8454
1604793600000,0.6042,0.6639,0.5902,0.6421,33877881,21262641.9117,100275,10430392.7653
1604880000000,0.6416,0.6597,0.5840,0.6035,32713138,20185136.6345,97077,9854065.9591
1604966400000,0.6035,0.6932,0.5850,0.6737,37153269,23506988.4642,108359,11453922.7561
1605052800000,0.6742,0.7655,0.6725,0.6815,63191411,45323517.4189,197836,21592080.5367
1605139200000,0.6817,0.7271,0.6435,0.6920,41043926,28185822.7465,137613,14085610.0290
1605225600000,0.6923,0.9864,0.6877,0.9602,95481433,77557168.4048,288190,39701095.0841
1605312000000,0.9602,1.1083,0.8520,1.0485,151345749,146807778.7840,569831,74482976.5397
1605398400000,1.0485,1.4160,1.0477,1.2555,198467579,241248239.2103,779407,121854401.9050
1605484800000,1.2556,1.4800,1.1321,1.3220,164939696,215208206.6986,630191,107166039.4772
1605571200000,1.3215,1.4445,1.2228,1.3373,97480576,129277595.8186,423420,62450874.7719
1605657600000,1.3370,1.3656,1.0650,1.1446,82790764,96544161.8291,338912,46739692.7228
1605744000000,1.1446,1.6735,1.1174,1.5735,173074461,248236304.4271,841903,125478056.4226
1605830400000,1.5735,1.8053,1.4903,1.5806,119512608,197686824.5572,532960,97457604.7747
1605916800000,1.5805,1.7468,1.4874,1.6628,75567704,122170843.0952,430367,59343703.0221
1606003200000,1.6628,1.7554,1.3876,1.6288,85142247,133464987.6088,397407,64853835.7381
1606089600000,1.6285,1.6866,1.4315,1.5309,64826799,101209822.7941,343564,47800333.6489
1606176000000,1.5300,1.6031,1.2970,1.3459,81345966,116803146.6415,392379,53042828.5298
1606262400000,1.3462,1.5131,1.1546,1.2228,70272972,97703871.2791,335810,45500956.5236
1606348800000,1.2225,1.4185,0.9342,1.4023,118990859,138410919.6345,528953,66571316.7758
1606435200000,1.4020,1.5086,1.2975,1.4507,103910927,145434874.5140,446578,72293895.6699
1606521600000,1.4509,1.4837,1.3260,1.3636,48962364,69364238.5720,220231,33198844.9941
1606608000000,1.3632,1.4626,1.3413,1.4286,38688538,53810551.7449,206441,26091162.9683
1606694400000,1.4288,1.5855,1.4120,1.5805,62642710,94406535.8582,338774,45467025.1473
1606780800000,1.5801,2.0300,1.5427,1.9201,172835134,313617142.3891,807325,155045291.8727
1606867200000,1.9187,2.3730,1.8616,2.1738,139212981,303775640.2907,738864,152080503.3111
1606953600000,2.1747,2.2250,2.0000,2.1299,63947064,136393057.1511,365242,64956586.1593
1607040000000,2.1294,2.1558,1.8152,1.9045,78418287,156626150.2761,451621,74066820.0344
1607126400000,1.9051,2.3200,1.8500,2.3101,81111003,172942497.4408,459985,85549529.2701
1607212800000,2.3101,2.3205,2.0665,2.1845,61598091,134048165.5000,344657,64353453.2154
1607299200000,2.1845,2.4922,2.1050,2.4058,78257842,183759733.0756,528958,92719762.1387
1607385600000,2.4058,2.4696,2.0336,2.1201,90394575,205093400.1023,610046,97948383.4154
1607472000000,2.1198,2.3147,1.9649,2.2156,61807592,132412337.8588,431929,63445856.1361
1607558400000,2.2156,2.2360,2.0900,2.1568,42961163,92907342.4667,380648,44278233.2375
1607644800000,2.1565,2.1685,1.8902,1.9336,58988441,116875108.2886,524588,55994215.4694
1607731200000,1.9339,2.2100,1.9224,2.1518,43847567,91840550.3655,313588,46074546.5329
1607817600000,2.1535,2.4300,2.1419,2.3860,51382875,119193352.9728,401194,62529087.8661
1607904000000,2.3855,2.5980,2.2515,2.5636,49809413,119012392.1102,550179,60292595.4843
1607990400000,2.5634,2.8066,2.5127,2.7156,75186030,198565833.8212,680433,98035379.1982
1608076800000,2.7158,2.9556,2.5391,2.8499,77318604,214637352.7459,612448,106813584.5075
1608163200000,2.8481,2.9796,2.6179,2.6812,66244071,186419435.6881,464179,88476294.3242
1608249600000,2.6813,2.8699,2.5837,2.8245,40873048,111984587.6882,315757,54589968.7003
1608336000000,2.8255,3.0941,2.7100,2.8696,45941488,134692400.2831,356789,65121527.1692
1608422400000,2.8686,2.9400,2.6350,2.7032,35297195,98712924.3511,265036,45829036.9776
1608508800000,2.7027,2.7868,2.4310,2.5082,39813699,103162254.3242,304575,48448503.5808
1608595200000,2.5081,2.7642,2.3000,2.7199,46398429,117406831.7466,350158,56276090.9050
1608681600000,2.7192,2.7648,1.0600,2.2145,92057680,205890545.0111,566976,96700258.5061
1608768000000,2.2143,2.6119,1.9694,2.5904,78454308,177292420.5058,515449,90154975.4487
1608854400000,2.5901,2.6912,2.3687,2.5278,39910667,101446635.0768,333672,49402467.8246
1608940800000,2.5289,2.5406,2.3103,2.3962,34109383,82778738.6262,266162,39663231.5682
1609027200000,2.3955,2.7299,2.3009,2.6276,42116505,106695442.6860,341700,51817615.4112
1609113600000,2.6279,2.9077,2.5646,2.6218,38870416,107137827.6631,307237,51500739.3357
1609200000000,2.6227,2.6803,2.3705,2.5119,31834578,79679847.6217,258760,37362429.7434
1609286400000,2.5117,2.7476,2.3920,2.5858,29711268,76021962.9907,241763,35959611.6429
1609372800000,2.5871,2.9373,2.4500,2.8709,36706446,98114173.4311,312239,47890766.0107
1609459200000,2.8720,3.3400,2.7969,3.3337,54245922,165691840.5346,410280,79673056.4858
1609545600000,3.3327,3.3746,3.0107,3.2034,46837243,149410436.9271,359957,70929636.0199
1609632000000,3.2036,3.5961,2.9410,3.4631,51100122,167266222.3678,379154,79651344.8649
1609718400000,3.4635,4.1823,3.2000,3.5730,59094672,215060736.2828,558580,103269789.3048
1609804800000,3.5713,4.0141,3.1123,3.8612,51315074,184289454.0236,441752,85576614.6804
1609891200000,3.8646,4.1499,3.5333,3.8818,38961780,150712885.2647,375022,70122619.9963
1609977600000,3.8855,4.3999,3.5095,3.9551,45439905,180056899.0112,442487,85541108.1665
1610064000000,3.9559,4.5143,3.2466,4.2893,57755232,232250517.7764,592249,110248388.7637
1610150400000,4.2903,5.0425,4.1765,4.6736,42689107,197361286.8499,432946,94539171.9949
1610236800000,4.6759,4.8899,4.0164,4.3953,29572120,133087035.3545,331481,63437865.3235
1610323200000,4.3948,4.4215,3.1809,3.8750,53809624,204534274.0937,661177,97395049.7634
1610409600000,3.8750,4.6596,3.6820,4.2798,38609781,162278927.7434,480697,77881221.2075
1610496000000,4.2804,5.2079,3.9808,5.1235,35349264,161984118.6905,425014,79427203.3569
1610582400000,5.1276,5.7776,5.0006,5.6642,31402020,169058149.5085,397539,81802058.9309
1610668800000,5.6645,6.9397,5.3408,6.4061,41096937,249408418.8613,586381,125872827.1630
1610755200000,6.4061,7.5150,6.1125,7.1529,27655363,188510182.6575,435572,90633969.1184
1610841600000,7.1519,7.8112,6.8019,7.0513,24634534,177950471.8790,397670,86093406.7336
1610928000000,7.0547,7.7444,6.8300,7.4873,17995083,131021426.9912,297812,62631009.1847
1611014400000,7.4944,7.7200,6.1551,6.5321,21987705,154452004.8546,333037,72239457.4861
1611100800000,6.5277,7.3248,6.0700,7.3001,24711096,162510854.0918,363692,78436505.4832
1611187200000,7.2971,7.3494,5.3955,5.6084,27643823,175040487.3584,422666,83141018.6524
1611273600000,5.6083,7.0007,5.2122,6.7338,24496270,154137917.4421,368167,74674655.0174
1611360000000,6.7360,7.4468,6.5858,7.0861,16209491,115204504.3904,250130,55320290.9937
1611446400000,7.0880,8.4945,6.9798,8.3350,22598948,178764250.9004,337510,86702984.4382
1611532800000,8.3354,11.2499,7.4300,7.6362,32351210,274365686.5695,524124,131966479.3362
1611619200000,7.6338,8.4240,6.7921,8.1796,26749359,205002829.1800,422841,100147896.6624
1611705600000,8.1782,8.2185,6.9300,7.0772,22466970,166607646.6076,368176,78565249.9192
1611792000000,7.0771,8.7650,6.9246,8.2695,21226285,167215563.8733,363467,80869781.8848
1611878400000,8.2675,9.0553,7.7638,8.9939,18027208,147965881.8387,294535,70739252.0118
1611964800000,8.9860,10.4200,8.3744,10.4052,19054845,178688696.6477,352605,86077476.0105
1612051200000,10.4009,11.3812,9.6645,10.1353,24178172,250015249.3434,453329,118688396.2432
1612137600000,10.1391,13.1044,9.7511,13.0331,22245111,252609874.9344,490625,123558392.1967
1612224000000,13.0330,13.8685,12.2100,12.6541,22083993,286149238.6703,510832,132478796.4006
1612310400000,12.6583,14.8837,12.4677,14.2323,17140484,238979168.4287,390645,105892759.5505
1612396800000,14.2292,17.0000,14.0076,15.3801,21545157,334852360.5746,543345,146236374.8444
1612483200000,15.3792,16.0025,14.6792,15.0174,14007252,216140809.4559,315453,87825558.6368
1612569600000,15.0149,15.5047,13.0000,13.8051,18178565,255422453.8407,412273,121131396.2338
1612656000000,13.8189,14.0909,11.4000,13.1733,18746095,238715073.0304,425737,111312687.2787
1612742400000,13.1739,14.8050,12.6422,14.1530,16869659,234086965.5580,379327,110126063.1487
1612828800000,14.1603,15.0938,13.5697,14.3039,14828178,211540912.1117,331124,99206871.4912
1612915200000,14.3172,15.9600,13.6311,14.8892,19107795,283586611.7028,482626,133032872.2334
1613001600000,14.8736,17.6832,13.8389,16.8495,18302548,285564225.0458,455157,131927250.3869
1613088000000,16.8424,17.4197,15.5000,16.6098,14727424,243118923.2204,349212,111611458.8395
1613174400000,16.6176,17.2823,15.6829,16.0143,11612837,190800134.9916,289751,87703378.4566
1613260800000,16.0233,16.4079,14.8009,14.9533,11135250,172015096.2001,246224,80196328.1502
1613347200000,14.9533,18.4400,11.5930,17.2582,26425996,420043205.6912,644258,200079315.5285
1613433600000,17.2534,17.9838,15.5652,16.4874,15212897,254353509.0550,368016,117090513.7145
1613520000000,16.4833,17.1860,14.6153,16.2063,14607451,233188995.0651,339983,111340982.8125
1613606400000,16.2109,17.0442,15.5239,15.8355,10729748,173251052.8251,244521,80699452.0011
1613692800000,15.8368,15.9647,13.9269,14.5788,15376465,229643540.8624,343883,104914383.2966
1613779200000,14.5788,19.8258,14.4375,18.3370,31248525,549733944.3836,805235,260735891.6519
1613865600000,18.3225,19.4273,16.8800,17.3316,15065030,270074801.1713,373897,129897160.5342
1613952000000,17.3343,17.4055,12.0000,16.6076,23668565,378766576.0481,556438,180097373.8064
1614038400000,16.6081,17.3701,11.3666,14.8481,26225235,374943481.4837,665607,177235962.7418
1614124800000,14.8305,15.8036,13.5416,14.7080,14859299,221152368.6519,347239,105967480.3803
1614211200000,14.6966,17.1029,14.1645,14.3557,16902275,263652363.6321,377443,126761417.1830
1614297600000,14.3605,16.5881,13.0311,15.3372,19181907,281950818.3172,406547,140053502.4681
1614384000000,15.3316,17.5958,15.2819,16.2813,17502309,284311396.8669,422958,137731891.5711
1614470400000,16.2843,16.3817,13.5954,15.0904,16433241,243067509.3054,378547,120172824.4413
1614556800000,15.0862,18.8851,14.9720,18.8671,15893443,265888390.1098,400304,129579374.4221
1614643200000,18.8671,20.8001,16.7123,17.8373,26880400,506523245.7805,682639,244885134.6915
1614729600000,17.8444,19.1752,17.2150,17.4182,17101809,311695974.7295,429807,148450756.5509
1614816000000,17.4170,18.9500,16.9939,17.3646,16310532,289691996.1296,434044,140139912.2091
1614902400000,17.3578,17.3719,15.5513,16.6103,14730434,240404643.2508,399571,113968851.8864
1614988800000,16.6128,17.0373,15.7623,16.5974,9540446,157240733.2419,290950,75361966.3586
1615075200000,16.5987,18.1952,16.3084,17.9734,12889457,221672581.9951,357000,109567508.2555
1615161600000,17.9600,18.2392,16.7000,17.2671,12328695,213174016.1073,329231,102843061.7040
1615248000000,17.2716,20.2886,17.1228,19.7135,16456188,305257885.1939,454140,148774731.4408
1615334400000,19.7087,19.9035,17.6493,17.9511,13520014,251648692.7276,396948,116849318.4668
1615420800000,17.9529,19.3085,17.0539,18.6449,14235266,256846207.1695,396070,123304137.9462
1615507200000,18.6413,19.6043,18.0400,19.3843,14452672,272934234.6806,456589,131595409.5573
1615593600000,19.3780,23.4732,18.9215,22.8176,21907805,477291241.0343,702626,234604558.5836
1615680000000,22.8194,23.0436,20.3673,20.6552,13305726,285726997.3794,422648,136263665.7331
1615766400000,20.6479,21.9235,19.5387,19.8155,12614568,258190312.3345,373137,125328756.8985
1615852800000,19.8100,20.8053,18.5702,20.2361,11868120,234148325.3822,362016,115531765.1156
1615939200000,20.2323,20.4153,19.1028,19.9238,7954164,156043114.7614,277058,74889861.8626
1616025600000,19.9248,20.3608,19.5543,19.7401,8343073,166759237.6888,262370,79918552.6075
1616112000000,19.7361,20.6433,18.9895,20.3070,7486315,149299336.9036,240731,70177319.7513
1616198400000,20.2992,21.1196,19.4302,19.4749,7144044,146150575.8727,221754,69990325.0904
1616284800000,19.4736,19.7358,18.4126,18.8692,7175734,136543922.9334,233248,64009694.6230
1616371200000,18.8696,19.1567,17.2356,17.3304,8057604,148583883.0106,267505,67654319.2936
1616457600000,17.3327,17.8105,16.3554,16.4191,8666344,148907239.1217,306390,70464936.8661
1616544000000,16.4229,17.4700,14.4013,14.9278,11518308,186144607.0623,336701,86262724.3068
1616630400000,14.9326,15.4143,14.0962,14.8465,13775799,202983961.5273,397979,100437734.6399
1616716800000,14.8391,16.9381,14.8320,16.8412,8831777,141527261.6009,283821,69059367.5017
1616803200000,16.8386,16.9700,15.8583,16.2089,7362578,119837744.6551,240384,58148089.5654
1616889600000,16.2101,16.5801,14.8945,15.2818,8289132,130463963.5292,274326,63232419.6776
1616976000000,15.2822,16.1680,15.0650,15.8417,9322718,145910831.7721,297788,68776105.6573
1617062400000,15.8457,16.0152,15.3028,15.4492,9246679,144497108.2007,291112,68897880.1301
1617148800000,15.4499,15.7237,14.0965,14.7353,13657802,202574277.5125,395714,94931309.3365
1617235200000,14.7428,15.3036,14.5150,14.8969,10905347,163477618.7361,351911,75821637.2140
1617321600000,14.8945,16.5744,14.6651,16.4739,13884962,219993717.8136,440957,103981999.8935
1617408000000,16.4708,16.6226,14.5900,14.8493,12811662,201145167.9691,427396,92041269.4171
1617494400000,14.8480,15.4997,14.6060,15.2615,8273805,125313999.1887,282057,60660401.1269
1617580800000,15.2614,15.7407,14.7107,15.1060,10456711,158980967.8851,330853,74768165.9644
1617667200000,15.1092,15.9729,14.8111,15.3563,13067636,202565286.0353,397361,95406790.8311
1617753600000,15.3571,15.5330,13.3000,13.8887,14927714,214245051.4174,447334,98098814.6521
1617840000000,13.8868,14.6982,13.7607,14.4464,8131924,116444556.6846,247465,55884331.6149
1617926400000,14.4441,15.4272,14.3610,14.5403,11180168,166741526.3743,310708,81683388.4141
1618012800000,14.5426,15.2153,14.1000,14.5168,8509850,125766336.6923,266188,59113143.4697
1618099200000,14.5162,14.6015,14.0171,14.2184,6958266,99612635.9728,233863,48169076.4500
1618185600000,14.2180,16.4362,13.9211,16.0834,21991142,337210161.8195,603579,158870400.5558
1618272000000,16.0868,16.5221,15.3159,15.8773,13645634,215740259.5270,414029,101823150.2754
1618358400000,15.8819,17.7344,15.7002,17.5271,17106457,285996560.5336,564609,133910794.7825
1618444800000,17.5271,18.5000,17.1930,17.5893,12645814,225483113.7523,410680,109213271.8754
1618531200000,17.5916,17.7028,15.6292,16.2830,12223280,203698299.0714,408569,94926185.1665
1618617600000,16.2830,16.9409,15.4652,15.8637,10337887,168210878.9573,333875,77669638.9721
1618704000000,15.8651,16.0879,8.2916,14.0174,48780487,645073260.1136,1122294,345994285.9990
1618790400000,14.0228,14.5024,11.8529,12.1680,22098955,288908258.1710,647909,134667279.8841
1618876800000,12.1645,12.8366,11.0900,12.7097,17169209,205480899.6281,478426,99981518.5092
1618963200000,12.7050,13.5334,11.8249,12.4717,15274010,194332534.1157,443370,95436435.7504
1619049600000,12.4638,14.3422,12.0095,12.3123,21000354,277722293.6359,621843,132271326.1303
1619136000000,12.3144,12.6184,10.1112,11.8263,23123051,258319006.3153,624510,126119797.0726
1619222400000,11.8264,11.8502,10.5007,10.7080,12842004,142292123.8614,399769,69602405.3379
1619308800000,10.7133,11.6748,10.3244,10.9823,9888494,108650853.9692,344107,52885978.8399
1619395200000,10.9820,12.4933,10.8871,12.1553,8981280,106750276.9173,339652,51711051.0793
1619481600000,12.1562,14.4808,11.9515,14.3023,11760516,155298860.3873,404641,74418923.0590
1619568000000,14.3058,14.5835,12.9260,14.3229,14456919,200698656.0254,453158,93535367.5940
1619654400000,14.3189,14.8986,13.5754,14.0625,12066436,172433190.4639,382647,81719187.6919
1619740800000,14.0621,14.6992,13.8119,14.3564,8589513,122749449.9006,284181,57859135.2124
1619827200000,14.3619,15.1821,14.2582,14.8080,9552454,140789356.0948,312433,66116736.1956
1619913600000,14.8113,14.8872,13.7487,13.9111,9674163,137576020.6273,312579,64213776.0272
1620000000000,13.9111,14.8900,13.9062,14.4038,12292640,177156060.8968,369862,83178109.8694
1620086400000,14.4038,14.5037,12.5595,12.6697,14438880,195847366.1154,450714,90321462.4590
1620172800000,12.6678,14.5081,12.4923,14.3860,10400237,141399410.7038,329658,67255637.1154
1620259200000,14.3859,17.0000,13.9820,16.5328,26849791,422788860.0243,725037,200531271.4733
1620345600000,16.5329,17.8426,15.3679,15.8081,20028936,333078920.9236,574217,157941781.5430
1620432000000,15.8137,16.8109,15.5003,16.3240,11686807,187226446.2990,353601,88454738.6008
1620518400000,16.3260,16.5475,15.2153,15.5431,12549094,199402033.5021,371110,94990328.1056
1620604800000,15.5467,16.7342,12.2381,13.8355,21378536,323841910.5373,599281,149771880.5977
1620691200000,13.8353,15.3230,13.3687,15.2640,11031245,158189148.5517,357816,75730100.8297
1620777600000,15.2620,18.4260,14.2900,14.8770,33533993,573886012.4312,1005069,273831629.0789
1620864000000,14.8440,16.8290,13.6450,14.7880,22594009,346158416.3993,700711,168699207.8561
1620950400000,14.7880,19.0710,14.6830,18.6090,19906394,336865667.0537,594372,163626181.4104
1621036800000,18.6120,18.9890,16.0910,16.2060,17401239,304882386.6280,577292,146126149.6255
1621123200000,16.2050,17.6800,15.0000,16.5620,15205500,249605853.8653,504627,119687482.3279
1621209600000,16.5610,18.3000,14.3360,16.1980,24047604,399034038.0372,718336,192157231.3524
1621296000000,16.1970,22.5490,16.0510,21.4970,34383624,678163012.6176,1120437,328932779.7169
1621382400000,21.4880,23.1470,5.8290,13.1490,184115744,2825077219.1096,1925629,1515093166.7141
1621468800000,13.1360,17.0120,11.4840,15.1330,191751379,2820940123.0474,1116872,1381337257.7558
1621555200000,15.1320,16.3870,10.3550,12.7540,29022137,393389692.5478,828018,194731807.6434
1621641600000,12.7530,12.9210,9.9670,11.0670,28573005,319661011.1210,740544,156591274.6862
1621728000000,11.0680,11.4540,6.2950,9.0030,66924067,551102220.4130,1281257,274969417.7180
1621814400000,9.0010,12.3210,8.9110,11.9950,34971797,367462933.0050,812055,185240470.5080
1621900800000,11.9860,12.6610,9.5490,12.2210,30660520,335568278.3330,780574,165274619.6340
1621987200000,12.2260,13.6180,11.5530,13.4330,22948453,289488360.7460,640724,142545251.7260
1622073600000,13.4320,13.4710,11.5800,12.1300,13112232,161295224.5850,414281,79233559.3060
1622160000000,12.1300,12.3930,10.0050,10.5890,14853224,166375695.1210,452340,81961025.9510
1622246400000,10.5910,11.5250,9.6160,10.0380,12607409,132199942.5010,400614,65797650.3370
1622332800000,10.0390,11.1630,9.5640,10.8380,12395646,130563637.0940,401519,65821727.6570
1622419200000,10.8360,12.5380,10.0540,12.4660,16055985,183144886.4420,441824,91880903.7270
1622505600000,12.4680,12.6760,11.3400,12.0550,11939816,141489730.9570,396265,69236688.5940
1622592000000,12.0570,12.9780,11.6290,12.5320,10162513,124990506.4660,339785,62400145.7700
1622678400000,12.5370,13.5080,12.2300,13.2420,8759318,113939696.4510,316475,56085726.1170
1622764800000,13.2430,13.2470,11.3060,11.8380,11683750,140099746.2140,378903,68047664.7420
1622851200000,11.8400,12.5700,11.0340,11.5520,10486917,123113675.3960,339310,60420131.1970
1622937600000,11.5570,11.8950,11.3140,11.5390,6774651,78686917.6780,239152,38567005.1590
1623024000000,11.5420,11.8240,10.1650,10.2630,9454510,105969755.4940,293377,51187150.8300
1623110400000,10.2620,10.5080,9.0880,10.0610,15615544,155789704.8540,402200,78101625.8520
1623196800000,10.0600,10.5440,9.4630,10.5440,15423421,154344041.6420,361770,77881236.9370
1623283200000,10.5420,10.5970,9.1850,9.4110,10500952,103511932.4850,282283,49230459.5240
1623369600000,9.4120,9.5620,8.2860,8.5550,10453070,94649150.9070,259641,46017011.3890
1623456000000,8.5540,8.5690,7.6260,7.8430,14586729,117945170.8770,290368,58202871.3200
1623542400000,7.8430,8.8980,7.7400,8.6340,11536141,93767889.2480,228232,46500772.9960
1623628800000,8.6350,9.4500,8.3900,9.2550,11040022,98549536.1950,232997,47495099.0650
1623715200000,9.2550,9.6510,8.9180,9.1080,8955182,82864795.2180,209009,38138922.3920
1623801600000,9.1060,9.1070,8.2440,8.4950,9504263,81865705.5850,224885,38001367.6930
1623888000000,8.4940,9.1150,8.2020,8.4610,8444004,73226831.0930,192231,35328337.3660
1623974400000,8.4610,8.4810,7.5500,7.8360,8860849,70992593.9680,205201,34006174.4200
1624060800000,7.8340,7.9930,7.4500,7.4640,7079985,54876700.1820,169056,26484619.3670
1624147200000,7.4660,8.6470,7.3080,8.4170,35214708,287915635.8600,587101,146743701.6790
1624233600000,8.4170,8.5220,6.6000,6.6310,34073845,247482725.2640,623682,120295499.1730
1624320000000,6.6310,7.5590,5.9610,6.8070,46559284,320124511.2790,823597,159344724.9160
1624406400000,6.8080,7.5360,6.5060,7.0490,24055908,171734925.8180,415965,85611003.3830
1624492800000,7.0500,7.3470,6.6150,7.0590,14507753,100731928.4280,278552,49465965.3120
1624579200000,7.0600,7.2000,6.1460,6.2910,20532982,134600182.5490,351706,65398409.9350
1624665600000,6.2910,6.8280,6.0590,6.8180,19845041,127227098.0720,330339,63077786.1670
1624752000000,6.8170,7.1400,6.4750,7.1380,16077580,109074280.5100,299071,54530770.2500
1624838400000,7.1390,7.7740,7.0200,7.6050,14636838,107803698.3440,280607,53903261.4700
1624924800000,7.6060,8.4470,7.5570,7.9400,15355561,122595580.7230,283207,60855704.4840
1625011200000,7.9410,8.1820,7.2490,8.1570,14063063,108488696.1660,260310,55059324.0860
1625097600000,8.1570,8.1610,7.1690,7.4160,11343158,85028609.2150,221565,41766329.2280
1625184000000,7.4100,7.5300,6.9690,7.4220,10508537,75546526.0030,214229,37271952.9690
1625270400000,7.4230,7.7080,7.2520,7.6160,6519318,49044511.6850,155084,24225794.3170
1625356800000,7.6170,8.2310,7.3660,7.9310,9510487,74989268.7050,206215,37195997.4770
1625443200000,7.9320,8.2400,7.2150,8.0770,12432986,95100265.2780,254681,46704044.8340
1625529600000,8.0770,9.5090,8.0590,8.9760,33231721,296559077.3710,573961,146165437.9410
1625616000000,8.9760,9.7230,8.7390,8.7770,19611743,180661801.8390,377711,89348908.2620
1625702400000,8.7740,8.7930,7.8000,7.9000,18482152,152608252.6160,366226,74235195.2180
1625788800000,7.9000,8.6050,7.6100,8.4080,17840804,145385076.1370,358105,73697380.0360
1625875200000,8.4070,8.6080,7.8250,7.9920,10276530,83747190.1780,249424,41169493.3580
1625961600000,7.9900,8.3920,7.8200,8.1520,9725939,79185111.7730,224211,39443553.1720
1626048000000,8.1530,8.2790,7.4350,7.6340,11288413,89202159.0010,242202,42708477.5110
1626134400000,7.6330,7.6750,6.9180,7.1300,12129406,88716533.4800,236596,42786920.6670
1626220800000,7.1300,7.3760,6.7180,7.1250,14850695,104823657.1000,267659,53134800.8800
1626307200000,7.1250,7.4320,6.6100,6.7230,13156411,91362631.9320,261845,44236910.1000
1626393600000,6.7220,6.8860,6.3200,6.3430,11886550,78038325.4990,221018,38715561.6580
1626480000000,6.3460,7.4920,6.2940,7.4920,33792384,238560339.8100,518415,118472693.4850
1626566400000,7.4920,7.9500,7.0140,7.0820,19127024,143086299.6980,345610,71112362.7150
1626652800000,7.0800,7.1500,6.4670,6.6440,16460204,110553998.3740,294677,54816866.2910
1626739200000,6.6430,6.7540,6.0140,6.2860,19964152,125131088.8190,322551,61136077.1760
1626825600000,6.2870,7.1780,6.1230,7.0910,20944425,141106125.6180,348274,70190485.1690
1626912000000,7.0910,8.2600,7.0230,8.2290,27914952,213462462.4110,495798,106934948.8700
1626998400000,8.2270,8.6180,7.6470,8.5910,27582756,225883202.2540,500885,110850974.1870
1627084800000,8.5920,8.6000,7.8640,8.0250,17307593,142898109.1050,354142,65355637.7970
1627171200000,8.0270,8.3340,7.7470,8.3270,15044865,120480918.8460,327543,60492843.5890
1627257600000,8.3250,9.6240,8.2440,8.2720,28288031,256065439.5240,557309,127240173.7540
1627344000000,8.2770,8.5650,7.8070,8.1870,27212257,221746517.6000,475955,108491740.1510
1627430400000,8.1890,8.5020,8.0150,8.1630,16629665,137532435.7890,334561,66534743.7170
1627516800000,8.1630,8.2920,7.9690,8.1790,12335345,100358648.6440,235330,48509956.2340
1627603200000,8.1790,8.5430,7.8360,8.4670,17174408,140825863.0830,313389,68470822.8400
1627689600000,8.4630,9.0250,8.2040,8.8630,15226770,130098165.1490,287169,63931921.8300
1627776000000,8.8670,9.2000,8.3490,8.4830,17346503,153108030.4770,341903,72233638.4970
1627862400000,8.4850,8.7200,8.2740,8.3470,12139265,103178437.4670,273301,50219336.9980
1627948800000,8.3460,8.4690,7.8660,8.0900,13946231,112553708.8110,293355,52929073.2690
1628035200000,8.0910,8.8870,7.9480,8.7600,12897093,108063713.9210,275913,53212170.2610
1628121600000,8.7560,9.6710,8.1800,9.6380,23011893,206749637.5250,441251,102059114.0780
1628208000000,9.6400,10.1220,8.9840,9.8200,19061593,180422964.6050,406369,84835229.0630
1628294400000,9.8180,10.6950,9.7070,10.3540,16303683,166176254.2210,389300,81600223.5500
1628380800000,10.3530,10.4990,9.2210,9.3840,13419544,131680462.9860,351157,63017807.5780
1628467200000,9.3860,10.1480,9.0380,9.8160,14137774,136421073.5820,359967,66138878.5750
1628553600000,9.8150,10.6550,9.5840,10.3830,17475350,177829656.1830,461703,86034304.6000
1628640000000,10.3820,12.1670,10.3580,11.2120,19441602,221740488.4840,501063,110080393.2900
1628726400000,11.2150,12.2170,10.5170,12.1650,17463071,195811850.0220,448862,98134035.9560
1628812800000,12.1640,12.6090,11.8000,12.5780,15252887,186625662.3960,392513,88765909.4810
1628899200000,12.5800,12.8830,11.8220,12.2170,11398178,139949398.9630,291644,66498463.0680
1628985600000,12.2180,12.7510,11.5050,12.6290,11484145,137436916.6330,287111,67902505.7430
1629072000000,12.6290,13.4800,11.9500,12.5640,19778632,250552934.9440,485309,118271305.7250
1629158400000,12.5630,14.4700,12.0050,12.5930,30496934,409736737.6160,776663,197834858.2470
1629244800000,12.5930,13.3740,12.0070,12.5510,20837371,265256070.8950,507531,129858348.7220
1629331200000,12.5520,14.2680,12.0430,14.0260,18681118,244162611.7420,474763,119327596.8540
1629417600000,14.0230,14.7280,13.5500,14.6910,13685808,192160357.8000,401086,93087563.3750
1629504000000,14.6910,14.8800,13.5000,13.6860,13330572,187558666.3760,378487,85709091.8540
1629590400000,13.6830,14.0710,13.1030,13.7780,8506499,115937441.9760,263761,55036884.2700
1629676800000,13.7790,14.1960,13.5520,13.8010,8888501,123191531.2860,269456,58538463.6510
1629763200000,13.8000,13.9600,12.1910,12.3240,11908132,154054975.4300,359263,70491453.2690
1629849600000,12.3210,12.6430,11.5410,12.2540,13298183,161336574.6360,368301,75775375.7340
1629936000000,12.2530,12.5230,11.1500,11.6120,11775041,137979712.6630,337578,66076226.9480
1630022400000,11.6110,12.2800,11.2400,12.2240,11084691,130808207.4640,305516,64459150.8020
1630108800000,12.2240,12.3070,11.6000,11.7970,7739651,92566081.0190,219340,43746137.5080
1630195200000,11.7970,12.0720,11.2620,11.6040,8828350,102306811.8640,244900,47253891.0620
1630281600000,11.6040,12.2210,10.9910,11.5380,13298117,153253442.4650,345472,72416717.6070
1630368000000,11.5400,12.3300,11.1500,12.0650,16856023,199785177.7170,420105,93745339.3230
1630454400000,12.0670,13.9490,11.6880,13.8640,19626954,253571902.4330,496028,121938474.5360
1630540800000,13.8630,13.9630,12.9140,13.1240,10319071,137349402.6490,323841,63538693.0590
1630627200000,13.1240,13.5910,12.7750,13.0890,9723193,127975928.3940,323114,60650715.2890
1630713600000,13.0890,13.3590,12.8390,13.1170,9654640,126322583.3610,291008,58815447.8570
1630800000000,13.1190,14.3150,12.9900,14.3030,16693627,230855013.3830,413785,109540835.5130
1630886400000,14.3000,14.3390,13.2080,13.6310,11383409,157925780.6630,314561,70952422.9440
1630972800000,13.6320,13.8400,8.7670,10.9220,28620067,329836106.4180,682768,152838433.7220
1631059200000,10.9240,11.6600,10.0810,11.3490,16249161,177744493.5700,439319,89286493.1590
1631145600000,11.3510,11.9350,10.9330,11.0140,13144058,149763100.8850,383519,72365848.1390
1631232000000,11.0130,11.4060,9.7950,10.1370,11288765,119746936.8310,333870,54965419.7000
1631318400000,10.1360,10.8880,10.0520,10.5770,8158296,85533578.2910,236695,40273010.7510
1631404800000,10.5750,11.9610,10.3400,11.8790,14003672,158014576.8410,352304,77233622.8670
1631491200000,11.8810,12.0700,10.0100,11.0780,19960630,214414614.5030,504531,104789628.2570
1631577600000,11.0790,13.3040,10.9770,13.2190,22573743,274551285.4120,557836,137314634.4800
1631664000000,13.2190,15.5680,12.6190,15.1800,29094375,402138539.4430,738663,201198845.0470
1631750400000,15.1820,16.1970,14.3570,14.9200,42258141,645304961.3850,1024724,318022847.1430
1631836800000,14.9190,15.2550,12.3180,12.5310,37966556,512660735.9070,897447,245093566.6870
1631923200000,12.5340,13.3320,12.1120,12.7100,23574478,301623491.4720,571909,143378534.4940
1632009600000,12.7100,12.7280,11.7380,12.0600,14751223,179754579.8320,381533,83325995.5610
1632096000000,12.0630,12.1130,9.8590,10.3060,24515828,266006700.1040,628798,125172995.4730
1632182400000,10.3090,10.8850,8.8730,9.2210,23203310,230777633.8920,608973,110539018.2070
1632268800000,9.2210,10.7000,9.0560,10.5020,18198854,181433742.0990,451911,89516100.0950
1632355200000,10.5040,10.9430,10.1220,10.6310,17661589,185543128.0420,435722,90276383.0810
1632441600000,10.6300,10.6570,8.9100,9.6730,25473487,247417477.6340,571764,117734520.9140
1632528000000,9.6720,9.8280,9.0580,9.5030,16514036,156963318.7330,384592,75777250.4430
1632614400000,9.5030,11.5770,8.4800,11.3900,44886421,468577393.3130,915517,230373412.7320
1632700800000,11.3890,11.9840,9.9580,10.0050,31691070,347911699.0360,655348,169021647.8250
1632787200000,10.0050,10.4120,9.5880,9.6670,24606469,247470772.2450,498752,121527211.2590
1632873600000,9.6680,10.0850,9.2250,9.5070,17664449,171130554.5640,385037,81807964.1040
1632960000000,9.5040,10.1810,9.4480,10.1590,12265919,121364359.6490,282418,59154086.0690
1633046400000,10.1620,10.9760,10.0380,10.8230,14475638,152708722.8640,330958,74795604.0880
1633132800000,10.8250,11.3100,10.4900,10.8940,10809311,117978924.0900,272372,55924127.3370
1633219200000,10.8940,11.1860,10.6500,10.8270,9778726,107128768.7010,261363,51443478.3820
1633305600000,10.8260,10.8270,10.0520,10.3720,12874060,134378437.8260,337103,63347071.5000
1633392000000,10.3720,10.8840,10.2770,10.8500,12179646,128245363.1750,293654,63990242.1640
1633478400000,10.8510,10.9870,9.8820,10.5370,17442847,184038081.2930,388632,88398297.1020
1633564800000,10.5400,11.1190,10.2250,10.8010,13497260,143192086.3670,314372,68159549.3820
1633651200000,10.8010,11.5330,10.6670,10.7540,14804991,164207527.4610,333795,77745372.9500
1633737600000,10.7550,10.9900,10.5740,10.9630,7230221,78283230.4750,187215,37171938.8400
1633824000000,10.9630,11.1620,10.1830,10.2610,9891242,106546481.9440,241167,50463057.9280
1633910400000,10.2600,10.8600,9.9750,10.3340,9830147,102669003.3270,225156,49907767.0050
1633996800000,10.3350,10.3470,9.6560,10.0540,11196814,111545325.3710,262387,52750607.0050
1634083200000,10.0550,10.7400,9.7600,10.2890,17396675,177029899.1650,377530,87091062.5880
1634169600000,10.2830,10.8540,10.1100,10.7710,13397070,140103288.4040,315659,66747786.3740
1634256000000,10.7740,11.3540,10.3520,11.1000,15440970,167356818.1100,370958,80321497.9880
1634342400000,11.1020,11.8990,10.9010,11.4090,14854209,170475791.9550,353225,81161392.6350
1634428800000,11.4100,11.8110,10.6920,11.1500,12358535,139904013.9050,296145,65561398.9120
1634515200000,11.1510,11.3510,10.7070,10.8140,8630974,94890012.3910,227140,44240125.5130
1634601600000,10.8160,11.0520,10.4650,10.7310,8288548,89181174.1270,225976,41295284.8450
1634688000000,10.7310,11.6250,10.4840,11.5470,11207252,124005639.5300,273848,60075847.1890
1634774400000,11.5460,11.7450,10.8000,10.9100,15682546,177060622.0420,414985,80116994.6990
1634860800000,10.9100,11.3960,10.5840,10.7070,8824859,96883971.2260,234689,45951853.6240
1634947200000,10.7120,11.0580,10.5230,11.0000,7114912,76697939.2100,206700,35767337.5110
1635033600000,11.0010,11.1650,10.2330,10.5400,11056552,118637524.9240,249311,53535269.1900
1635120000000,10.5400,10.7920,10.4920,10.7790,7904383,84287183.4610,174909,39531850.1590
1635206400000,10.7820,12.1900,10.7540,11.3940,27641595,318590839.2430,545023,152750175.3950
1635292800000,11.3950,12.2660,10.0000,10.1520,27004391,297870971.7720,542707,141099162.8370
1635379200000,10.1530,11.0580,10.0880,10.9850,14406804,153684617.0400,345947,74073897.3390
1635465600000,10.9830,11.8140,10.8890,11.4690,11542048,131093872.3350,299595,61631295.7010
1635552000000,11.4690,11.4790,10.8070,11.0910,7430813,82813940.1100,195935,37584741.2830
1635638400000,11.0910,11.2990,10.5690,10.9000,10049317,109854827.9520,222759,52067350.0560
1635724800000,10.9010,13.1250,10.5380,12.7470,29459989,355348589.3890,659093,173508826.9990
1635811200000,12.7430,12.8360,12.0800,12.1330,13813091,172113368.0490,329388,78521221.5980
1635897600000,12.1340,13.4720,11.8730,13.4620,20664673,260284450.8720,475969,127222919.9020
1635984000000,13.4590,13.4630,12.0660,12.9410,13589080,172443455.6650,348415,80900197.4480
1636070400000,12.9400,13.3000,12.1230,12.1500,8841041,112021090.2620,269434,52568734.0710
1636156800000,12.1510,12.2360,11.2930,11.8520,10502388,123542857.6450,278129,56718801.8680
1636243200000,11.8530,12.2820,11.5630,12.1030,8878836,105727312.0470,240805,50014114.5560
1636329600000,12.1040,12.3460,11.9440,12.3230,7567649,91778149.4500,212046,41227496.3360
1636416000000,12.3250,12.4590,11.9540,11.9840,10162885,124210643.0760,252389,56132812.0920
1636502400000,11.9880,12.2880,10.4000,11.0850,18549566,214317295.4770,435728,97045899.4890
1636588800000,11.0850,11.4200,10.9160,11.1460,7317677,81928668.7760,217789,39447854.4010
1636675200000,11.1450,11.4060,10.5540,10.9880,8099091,88721203.0160,238597,41689432.2330
1636761600000,10.9880,11.2340,10.7160,11.1930,4722682,51859454.1700,168999,23498020.1050
1636848000000,11.1930,11.3110,10.7740,11.0560,4224803,46625093.9150,168706,21535887.8840
1636934400000,11.0560,11.2290,10.3300,10.3610,8293129,89684277.9820,247681,39198405.1610
1637020800000,10.3610,10.3620,9.0660,9.6600,15983049,155488786.8650,388219,73051716.1560
1637107200000,9.6590,10.1150,9.5100,9.7470,10547101,103484064.9890,308110,50320038.2060
1637193600000,9.7490,10.1500,8.6120,8.7950,18453487,169902992.2370,438131,79892197.4220
1637280000000,8.7950,9.3390,8.6410,9.0060,11243778,100875090.7220,286503,46892517.0740
1637366400000,9.0030,9.2490,8.6980,9.0510,11758124,105705386.6560,271275,49442027.1450
1637452800000,9.0500,9.1800,8.6780,8.7450,11602193,103260117.0250,256693,47165833.7620
1637539200000,8.7470,8.7790,8.1260,8.2330,17333924,145225724.9820,354022,68330823.6660
1637625600000,8.2330,8.6740,8.1340,8.3850,14617342,123105398.8040,342254,59277730.3540
1637712000000,8.3820,8.4750,7.8260,7.9580,14086435,114185904.7200,291109,52808465.9530
1637798400000,7.9560,8.4380,7.6540,8.2190,22418376,180718196.3620,391059,87221849.8280
1637884800000,8.2200,8.4310,6.7250,7.0360,39116795,289273811.0910,633332,133546084.5790
1637971200000,7.0360,7.3410,6.9580,7.0560,13048839,93775475.2370,256230,44317719.7670
1638057600000,7.0550,8.0450,6.6400,7.9500,38559063,286244311.2090,618675,140549731.2420
1638144000000,7.9470,8.1720,7.4500,7.4720,32306815,252470752.7150,542563,117257284.0600
1638230400000,7.4710,8.0680,7.1730,8.0140,27894586,212005543.8810,494574,99473080.5350
1638316800000,8.0140,8.1990,7.5180,7.5610,23361449,184809036.7190,418394,87015520.1580
1638403200000,7.5620,7.6340,7.1900,7.3770,19250166,143138451.0760,332988,66164763.0440
1638489600000,7.3770,7.4850,6.5720,6.8260,18601417,132914173.2360,326772,60549159.1720
1638576000000,6.8260,6.8780,4.2420,5.8280,59488770,330977499.2770,761690,153101702.6500
1638662400000,5.8270,5.9750,5.0740,5.2740,23655949,129277241.8850,354218,62756773.5710
1638748800000,5.2760,6.4660,4.7900,6.2930,52993712,288944488.3060,700578,146993451.1090
1638835200000,6.2930,6.4360,5.7620,5.8650,42628007,261536932.8870,579856,127687971.8530
1638921600000,5.8650,6.9150,5.6330,6.6250,63305936,388568785.0320,929104,192611479.6850
1639008000000,6.6260,6.6490,5.4140,5.4840,45530836,272006081.0090,616348,130306335.4130
1639094400000,5.4840,5.7420,5.0460,5.0780,36521846,195240549.3550,423828,92250774.6560
1639180800000,5.0780,5.7760,4.9950,5.7280,41295465,227133545.8140,497547,112717784.1100
1639267200000,5.7280,5.7350,5.3380,5.5800,18692487,103432912.5380,257565,48956553.6820
1639353600000,5.5800,6.3800,5.2610,5.6350,226342998,1330301531.8080,2240041,668085012.0590
1639440000000,5.6350,5.9290,5.3430,5.7330,92107993,520497166.3290,1011922,259102432.2820
1639526400000,5.7310,6.1570,5.5910,5.9440,62538427,369061559.2630,790537,180508603.8620
1639612800000,5.9450,6.2000,5.6520,5.6890,35216069,209199733.3340,494531,100628273.3710
1639699200000,5.6900,5.8370,5.3490,5.5080,29839221,166872623.9880,413272,78996222.3460
1639785600000,5.5090,5.8860,5.4450,5.5980,27587070,156427289.7510,359242,75688115.8630
1639872000000,5.5970,5.6430,5.3000,5.3330,17773900,97426028.9480,264225,44628132.1600
1639958400000,5.3330,5.5270,5.0760,5.4740,22062906,116503589.8700,327475,56475449.4490
1640044800000,5.4720,5.8470,5.3260,5.8330,26388061,146095560.2990,346527,72435898.6180
1640131200000,5.8330,6.5140,5.5900,6.3620,41716735,249604012.1520,534341,121538807.4340
1640217600000,6.3650,7.4990,6.2100,7.3080,92946307,639292751.6180,1104629,324639403.7490
1640304000000,7.3070,7.9980,7.0570,7.9430,67909497,515340463.8160,909634,255402312.9260
1640390400000,7.9430,8.1690,7.2140,7.6460,42714466,325388875.0000,595506,160158376.7000
1640476800000,7.6470,7.9690,7.1330,7.9230,38892462,296669034.7110,544253,145563738.6720
1640563200000,7.9240,9.5790,7.6110,9.1480,109118167,972433559.6730,1515680,491368788.7410
1640649600000,9.1480,9.7950,8.4170,9.0470,225814224,2054060917.0020,2964575,1033206203.9640
1640736000000,9.0490,9.9450,8.7570,9.2660,147357775,1372259554.4950,2093589,690463138.7940
1640822400000,9.2660,10.6960,8.7820,10.2410,125486570,1207493306.8360,1808972,612098814.9430
1640908800000,10.2400,10.4230,9.3500,9.4200,86375246,856616577.3710,1279551,419606329.7870
1640995200000,9.4240,9.5000,9.0200,9.1350,46566268,430117590.1180,697560,207265343.2080
1641081600000,9.1350,9.3700,8.8150,8.9340,47577260,432275741.1970,745664,207121107.2320
1641168000000,8.9350,9.4470,8.4360,8.5210,57071035,514100402.8290,839428,244585133.4620
1641254400000,8.5210,8.7830,7.9450,8.0710,67942704,567590186.0410,939934,262922639.9910
1641340800000,8.0730,9.0420,7.2000,7.6480,96267615,802867803.4530,1316303,382928245.9380
1641427200000,7.6480,7.8470,7.1000,7.4330,59967246,444300310.9830,840133,218714386.1030
1641513600000,7.4350,7.4740,6.3650,7.1720,73661884,503860329.3310,962342,244865497.8250
1641600000000,7.1720,7.3300,6.2950,6.5600,47897787,327719511.3600,613445,160644548.9060
1641686400000,6.5590,7.2070,6.5210,6.9270,35088224,241789735.2100,492625,119228923.7400
1641772800000,6.9270,7.2190,6.1930,6.5680,50731513,339666453.5280,679937,166666600.4170
1641859200000,6.5690,7.1110,6.4690,6.9900,34639452,235206248.8480,483732,114807312.8260
1641945600000,6.9910,7.2880,6.9260,7.1080,38790117,275667546.3180,566322,132727783.1690
1642032000000,7.1070,7.5510,6.8230,7.0280,54004885,391293595.3650,767931,185658653.1140
1642118400000,7.0270,7.3590,6.7220,7.0190,35430415,248801077.0670,549824,118645714.5190
1642204800000,7.0190,7.2230,6.9490,7.0100,20669914,146651139.4420,328088,69693594.8240
1642291200000,7.0100,7.0870,6.8450,6.9690,21428501,149228192.1770,319633,69798830.3150
1642377600000,6.9690,6.9800,6.3100,6.4280,33166880,219346523.8900,518155,103338053.9880
1642464000000,6.4280,6.5670,6.0000,6.2030,27763703,173091017.5310,398634,83813502.9200
1642550400000,6.2030,6.2500,5.9010,6.0400,32041251,194047059.1960,403846,93183044.3130
1642636800000,6.0410,6.5900,5.7560,5.8050,46019130,287619883.5540,666403,138054852.7280
1642723200000,5.8060,5.9220,4.7580,4.9430,60375080,328146191.7150,795730,158904354.5200
1642809600000,4.9410,5.1120,3.9690,4.4050,71515901,324730709.5200,880428,162436791.2520
1642896000000,4.4060,4.7810,4.3020,4.6500,42957907,195267154.9630,494162,97610772.9100
1642982400000,4.6500,4.6510,3.7870,4.3930,63346641,262794497.4050,694984,130079180.8350
1643068800000,4.3930,4.6570,4.2580,4.5360,34407838,152778347.7390,417524,75360103.3730
1643155200000,4.5360,4.8190,4.1060,4.2610,54844833,243253777.3050,632444,117185394.9380
1643241600000,4.2610,4.2870,3.8500,4.0490,47419009,194000862.5610,516753,95449964.5430
1643328000000,4.0480,4.2120,3.9260,4.1580,39367394,160687985.0260,412212,79109480.8340
1643414400000,4.1590,4.3190,4.1030,4.1870,31410525,131829078.4480,284061,65491492.6890
1643500800000,4.1870,4.3580,3.9970,4.0830,27983965,116678888.6000,293392,56799138.2800
1643587200000,4.0830,4.3080,3.8650,4.2220,39207042,161215442.1720,345299,79199909.5540
1643673600000,4.2220,4.4900,4.1990,4.3520,34704711,151307351.4010,335960,73797119.9530
1643760000000,4.3510,4.4400,4.0300,4.0870,34119845,145245749.1030,332362,70542847.1320
1643846400000,4.0870,4.1320,3.9250,4.0920,26492588,106693262.8170,258374,51575833.4400
1643932800000,4.0920,4.4780,4.0330,4.4580,32274850,135584724.3840,293380,68791439.5180
1644019200000,4.4580,4.9000,4.4210,4.6760,44822917,211538791.5550,382206,102111184.2820
1644105600000,4.6760,4.8080,4.4540,4.8030,24546410,114218055.8300,280928,56140145.9960
1644192000000,4.8030,4.9680,4.6600,4.9600,41461380,200638176.7680,403100,95890650.2010
1644278400000,4.9610,5.0800,4.5040,4.6430,45356316,215266292.9220,457357,102606827.6400
1644364800000,4.6450,4.7870,4.5380,4.7530,24797725,116273322.4330,240039,56579966.0690
1644451200000,4.7530,4.8340,4.3510,4.4010,37952810,175589327.5580,364987,84130320.1500
1644537600000,4.4020,4.5180,4.0310,4.0930,31274260,135916274.7960,316793,65116735.4730
1644624000000,4.0920,4.2700,4.0000,4.1530,26318523,109059322.0200,265509,52226248.5200
1644710400000,4.1550,4.2520,3.9710,4.0290,20585595,84913952.8530,206159,40480755.9000
1644796800000,4.0290,4.1230,3.9330,4.0610,25645116,103578960.5650,251436,50760385.3860
1644883200000,4.0620,4.4460,4.0610,4.4270,22030255,93737805.4290,249910,46790352.7130
1644969600000,4.4280,4.4280,4.1810,4.2990,21771203,94045243.7810,227726,45269044.9420
1645056000000,4.2980,4.3330,3.8820,3.9460,25824314,106351399.8220,263958,49216624.2120
1645142400000,3.9480,4.0910,3.8150,3.8950,23830969,94098109.8890,222096,45181580.0590
1645228800000,3.8940,3.9530,3.7280,3.8630,19093892,73616790.1320,163129,35404534.2880
1645315200000,3.8630,3.8670,3.5490,3.6320,28247902,103490617.3350,223133,48779963.3580
1645401600000,3.6320,3.8020,3.2500,3.2670,40425419,144646759.4540,328278,69547866.6120
1645488000000,3.2680,3.4050,3.1270,3.3920,33280517,109053166.3750,283113,52898749.1990
1645574400000,3.3910,3.5570,3.2680,3.2770,26110508,89838179.4200,211018,45895638.9820
1645660800000,3.2770,3.2980,2.7490,3.1370,60913008,181952879.0020,454033,88957907.2730
1645747200000,3.1370,3.3540,3.0800,3.3030,25851957,82963583.0990,225067,40249345.4940
1645833600000,3.3020,3.4280,3.2040,3.2490,22774452,75151061.6880,222957,36211585.6980
1645920000000,3.2500,3.4480,3.0520,3.1200,43679603,142209439.4510,374011,68404779.9010
1646006400000,3.1200,3.5380,3.0860,3.5340,32378837,105793953.4940,292985,52111296.6300
1646092800000,3.5340,3.6220,3.3980,3.4730,30380739,106397706.8810,279959,51315186.5240
1646179200000,3.4730,3.6300,3.3600,3.4070,33992413,118152167.2740,316250,56481757.4080
1646265600000,3.4080,3.4290,3.2230,3.3050,20980143,70036406.4670,215610,33432229.3920
1646352000000,3.3040,3.3150,2.9940,3.0380,25334135,80364034.1260,234233,37999434.5200
1646438400000,3.0390,3.1350,2.9410,3.1030,15126755,46226609.7400,147642,22610912.6510
1646524800000,3.1030,3.1410,2.8880,2.8980,25151877,76078966.7120,239795,35635658.0840
1646611200000,2.8980,3.0230,2.7690,2.8740,28680163,82788148.4790,255069,39144286.8380
1646697600000,2.8740,3.0860,2.8150,2.8960,31245502,92283517.0190,273381,44852439.1880
1646784000000,2.8960,3.2360,2.8910,3.1820,28846349,89391644.5340,248391,43111746.5040
1646870400000,3.1820,3.1870,2.8620,2.9820,26376547,78419088.5010,241822,37501978.3950
1646956800000,2.9830,3.0040,2.8500,2.8920,23789806,69586082.7140,181941,33380689.0380
1647043200000,2.8930,2.9870,2.8900,2.9050,14168502,41609548.0530,135930,20043362.5430
1647129600000,2.9040,2.9610,2.7520,2.7850,17928603,51552335.7300,149036,23849123.1900
1647216000000,2.7850,2.8970,2.7560,2.8890,18779125,53296127.6000,132249,26151214.0300
1647302400000,2.8870,2.9490,2.7630,2.9170,20143877,57554780.4950,150863,27587223.8540
1647388800000,2.9180,3.1740,2.8820,3.1070,32160945,96959487.9030,255496,47733464.6990
1647475200000,3.1070,3.2600,3.0930,3.1650,26949520,85647383.4320,225755,41855656.1240
1647561600000,3.1660,3.3540,3.0610,3.3000,27965127,89920079.4580,243167,43578505.3370
1647648000000,3.3010,3.4340,3.2670,3.3520,24662613,82444768.4290,191582,39500766.0690
1647734400000,3.3520,3.5000,3.1550,3.2360,28660331,94846004.5210,287056,45947077.9290
1647820800000,3.2370,3.4030,3.1610,3.3040,24267840,79958665.2660,213455,38954409.2490
1647907200000,3.3030,3.5620,3.2840,3.4490,29782191,103192505.1950,252020,49964058.3860
1647993600000,3.4490,3.6940,3.4280,3.6770,33175651,117556364.9870,298241,57090154.2850
1648080000000,3.6770,3.7200,3.5480,3.6610,36175977,130695039.5910,288297,62457302.7380
1648166400000,3.6610,3.7990,3.5090,3.6060,50738993,184899568.0030,427172,87296548.2530
1648252800000,3.6060,3.7000,3.5300,3.6280,25763767,92826411.3040,221737,43678773.6390
1648339200000,3.6270,4.0030,3.5370,3.9910,42385908,160417540.3850,327643,80503901.3080
1648425600000,3.9900,4.1640,3.7330,3.8060,57640249,231602876.4360,505355,110223267.5270
1648512000000,3.8050,4.2670,3.7950,4.2160,72865126,298922132.2930,559206,146333315.5740
1648598400000,4.2170,4.5010,3.9980,4.4770,57552019,246060257.4820,533141,120243353.0840
1648684800000,4.4780,5.0250,4.3330,4.4050,89524051,422712942.3810,819219,203150865.0070
1648771200000,4.4030,4.7690,4.1500,4.5120,46065118,204776620.3040,499474,99154660.3800
1648857600000,4.5130,4.8000,4.3220,4.3550,42117013,193805196.9690,497551,90860355.7200
1648944000000,4.3540,4.5210,4.2770,4.4460,26700881,117664959.4010,322033,55245561.9610
1649030400000,4.4460,4.4760,4.0640,4.3400,30088316,129426742.5980,335808,58966350.7330
1649116800000,4.3420,4.4130,4.0770,4.0860,22689373,96910684.1520,279841,42572361.9800
1649203200000,4.0860,4.0860,3.5410,3.5610,38104346,144152081.5350,424341,66454858.2500
1649289600000,3.5600,3.6940,3.4710,3.6340,24100466,86452395.8450,277114,41943619.0490
1649376000000,3.6330,3.6670,3.3480,3.3830,22482602,79468159.7020,270990,37521930.3400
1649462400000,3.3830,3.5750,3.3750,3.5600,15372378,53524174.2190,214208,26819431.7870
1649548800000,3.5600,3.6220,3.3720,3.3960,14831072,52260013.4080,175479,25592905.6820
1649635200000,3.3950,3.4260,3.0670,3.1050,28973749,93494214.3540,281796,44838301.0330
1649721600000,3.1060,3.2840,3.0860,3.2180,20639321,65906975.0410,247927,31161978.7910
1649808000000,3.2190,3.3440,3.1630,3.3310,19701272,64292227.7110,205338,32004095.1240
1649894400000,3.3310,3.5220,3.1760,3.2150,38245488,127930586.1150,326965,62059535.2910
1649980800000,3.2160,3.3670,3.1910,3.2890,17122032,56231959.7660,171858,26319114.9520
1650067200000,3.2890,3.3600,3.2310,3.3270,15874066,52237655.9860,124212,25255713.6230
1650153600000,3.3280,3.3940,3.1590,3.1870,22738898,75573032.5470,180671,35263969.3410
1650240000000,3.1880,3.3130,3.0030,3.2920,27371219,86510395.1980,219879,42856019.0830
1650326400000,3.2910,3.3760,3.2350,3.3600,18565813,61461223.0830,153401,30766013.4890
1650412800000,3.3600,3.6930,3.2400,3.5090,52642682,181933643.8030,382224,88854099.5430
1650499200000,3.5080,3.6640,3.3610,3.4500,55888144,197459722.2300,436712,94565669.8100
1650585600000,3.4500,3.7190,3.4180,3.5250,58448323,208016405.2730,453562,102553443.9470
1650672000000,3.5260,3.5460,3.3700,3.4160,21015267,72272104.3480,205546,34769833.6930
1650758400000,3.4160,3.5660,3.3500,3.3610,28524299,98785677.6190,258496,48664416.1620
1650844800000,3.3610,3.3770,3.0700,3.2800,35454068,113518866.9770,329753,54499769.3060
1650931200000,3.2800,3.3090,2.8500,2.9050,32618228,101489340.5390,279976,48270529.7310
1651017600000,2.9050,3.0320,2.8950,2.9940,28206446,83637380.1960,232544,40717411.4710
1651104000000,2.9940,3.0480,2.9050,2.9880,27510938,82216551.0760,229873,40219124.1270
1651190400000,2.9880,3.0180,2.6600,2.7030,34942949,99391422.4040,264643,46163196.2680
1651276800000,2.7030,2.7530,2.2370,2.2950,44165130,112081137.3920,291501,53134054.3650
1651363200000,2.2950,2.4600,2.2600,2.3890,45717201,107085817.8630,274558,53769942.7110
1651449600000,2.3880,2.4370,2.2570,2.3600,39031472,91763792.8870,221456,45130400.3370
1651536000000,2.3600,2.4580,2.2940,2.3270,32906588,78492182.9770,184614,38318255.4570
1651622400000,2.3270,2.6500,2.3130,2.6160,44172184,108395460.1690,256352,53842153.3040
1651708800000,2.6160,2.6360,2.2000,2.2720,48061351,114827446.2640,291490,54617702.8640
1651795200000,2.2710,2.3200,2.1670,2.2420,39773137,89203506.4660,242871,44073318.1950
1651881600000,2.2420,2.2570,2.0710,2.1400,28188430,61727150.1260,168521,29920902.6270
1651968000000,2.1400,2.1840,2.0570,2.1090,34130202,72385829.3000,200451,34917136.0940
1652054400000,2.1090,2.1590,1.6990,1.7220,82591708,157419076.7710,428786,76659207.7860
1652140800000,1.7210,2.0030,1.6740,1.7850,112309476,206926705.2670,544711,104912834.0980
1652227200000,1.7850,1.8460,1.2240,1.3260,145794783,221709802.7390,723905,111211691.5680
1652313600000,1.3260,1.4110,1.0790,1.1400,124183349,152851060.8170,635606,76677603.0160
1652400000000,1.1420,1.6790,1.1040,1.3990,118438294,164442403.0830,594479,83533015.6770
1652486400000,1.3990,1.4300,1.1650,1.3150,66629925,84286747.7890,287334,41929507.8780
1652572800000,1.3150,1.4070,1.2570,1.3960,44574751,58805402.0090,216981,28555136.0770
1652659200000,1.3960,1.3970,1.2230,1.2670,46336601,59447062.5840,231080,29354411.2110
1652745600000,1.2670,1.4960,1.2600,1.4330,64452658,89177584.1530,286571,45211166.7270
1652832000000,1.4330,1.4860,1.2440,1.2570,51181842,69541166.9030,231786,33494184.2970
1652918400000,1.2580,1.3850,1.2050,1.3520,43499391,55851171.7260,204823,27532493.3690
1653004800000,1.3530,1.3920,1.2520,1.2940,38998026,51632219.9260,181106,25321507.6490
1653091200000,1.2930,1.4800,1.2680,1.4470,40841399,56168218.4690,178116,29423951.9970
1653177600000,1.4470,1.5180,1.4030,1.4480,51371162,74536173.1530,202722,37150732.7840
1653264000000,1.4480,1.7100,1.4410,1.5350,137947313,223307000.4680,545949,114879108.5820
1653350400000,1.5350,1.6920,1.5080,1.6650,116789952,188684519.9310,441637,96559570.0240
1653436800000,1.6640,1.7640,1.5910,1.6520,110516921,185517075.8740,423901,93018311.0970
1653523200000,1.6520,1.7100,1.4180,1.4720,87399960,134250227.4470,345331,65193799.1360
1653609600000,1.4730,1.5470,1.3870,1.4220,81266645,119181768.0800,356441,58446143.8710
1653696000000,1.4220,1.5430,1.4070,1.5270,45193833,66591559.1900,190926,33647274.9280
1653782400000,1.5270,1.5550,1.4520,1.4960,40029804,59341111.6950,180135,30342150.6550
1653868800000,1.4960,1.7130,1.4800,1.6950,62348911,99988060.8310,271873,49770330.7300
1653955200000,1.6940,1.9200,1.6060,1.8720,105289944,187582564.5050,489377,95528025.1300
1654041600000,1.8720,1.8730,1.5870,1.6270,80464446,140238631.3460,426337,67602122.6800
1654128000000,1.6270,1.7000,1.5710,1.6830,39360794,64165239.1290,229947,31963577.3090
1654214400000,1.6830,1.6900,1.5170,1.5420,37011067,58459295.4000,199322,28335819.8420
1654300800000,1.5410,1.5930,1.5020,1.5780,32408963,50281808.7180,162682,25053265.4720
1654387200000,1.5780,1.6060,1.5110,1.5470,25239078,38996680.7410,126710,19268203.6780
1654473600000,1.5470,1.6930,1.5410,1.6120,36418742,59536301.7100,180428,28630854.6430
1654560000000,1.6120,1.6140,1.4720,1.5490,42376215,64667762.0420,219699,31731937.4360
1654646400000,1.5490,1.5760,1.4770,1.4970,26481615,40255171.4130,135099,19688766.5850
1654732800000,1.4970,1.5430,1.4510,1.4830,24960750,37453480.1870,122531,17913591.0130
1654819200000,1.4830,1.5040,1.3460,1.3740,36715150,52171627.2580,165928,24572505.6140
1654905600000,1.3740,1.4050,1.1610,1.1920,54734894,68976995.4410,239784,33695816.8760
1654992000000,1.1930,1.2350,1.0920,1.1240,70332322,81361941.4860,282930,40616626.9120
1655078400000,1.1250,1.1480,0.9010,0.9780,132561753,130930211.1170,526721,63733385.7980
1655164800000,0.9770,1.0300,0.8820,1.0040,83696397,81749242.7060,304243,40708930.4950
1655251200000,1.0030,1.1240,0.8750,1.1100,85061795,82487987.1580,323515,40830641.9760
1655337600000,1.1100,1.1340,0.9290,0.9540,56022745,56525910.0690,204997,27358221.7190
1655424000000,0.9540,1.0450,0.9390,1.0180,51235821,50765839.9350,175349,26453783.1180
1655510400000,1.0180,1.0590,0.8570,0.9290,71366820,67433217.2950,252129,33267126.9650
1655596800000,0.9280,1.0430,0.8890,1.0430,53231120,51299817.9830,190051,25730436.4010
1655683200000,1.0430,1.1860,0.9980,1.1060,76637569,83783749.4580,265727,42598463.3670
1655769600000,1.1050,1.2960,1.0770,1.2390,62040075,73889600.7180,255453,37291608.5080
1655856000000,1.2400,1.3200,1.1340,1.1860,73990588,90143149.9340,279706,45071044.9150
1655942400000,1.1860,1.2920,1.1730,1.2490,47536100,58600867.4110,207861,28903836.8440
1656028800000,1.2480,1.3380,1.2290,1.2860,50131148,64175752.5940,205807,31535834.4690
1656115200000,1.2860,1.3140,1.1940,1.2490,31965884,40189281.4500,146736,19364055.9310
1656201600000,1.2490,1.2830,1.1320,1.1430,32914946,40251671.1730,151200,19197106.2080
1656288000000,1.1440,1.2140,1.1240,1.1470,28618990,33333673.4640,129034,16131589.3610
1656374400000,1.1470,1.1910,1.0740,1.0820,33855131,38389266.5060,139032,18608033.8710
1656460800000,1.0830,1.1140,1.0290,1.0510,38985133,41886018.7890,150118,20979363.3480
1656547200000,1.0520,1.0600,0.9220,0.9890,51969771,50992306.1690,191870,24530357.6420
1656633600000,0.9890,1.0340,0.9480,0.9770,44194403,43504373.7950,170585,21777886.2920
1656720000000,0.9770,0.9970,0.9430,0.9770,35987638,34953085.7390,117506,17609618.0340
1656806400000,0.9780,1.0370,0.9390,1.0200,40105755,39449779.7710,139099,19656452.7690
1656892800000,1.0200,1.0990,0.9870,1.0930,69990452,73365591.2910,195199,36792410.5080
1656979200000,1.0930,1.1280,1.0200,1.0860,56699384,60996901.0750,164300,30921017.4230
1657065600000,1.0870,1.1620,1.0720,1.1460,46112921,51151502.8190,161941,26030674.8090
1657152000000,1.1470,1.2150,1.1370,1.1800,41492315,48441265.5870,148437,23978143.3410
1657238400000,1.1800,1.2290,1.1350,1.1540,36956692,43423792.2040,148415,22226656.2990
1657324800000,1.1540,1.2560,1.1540,1.2390,31379856,37820551.1820,128211,19155657.3980
1657411200000,1.2390,1.3210,1.2000,1.3140,95585587,120233942.2600,319269,62359305.2360
1657497600000,1.3150,1.3190,1.1300,1.1450,78708059,96147774.9360,264819,48331804.6720
1657584000000,1.1460,1.1750,1.1020,1.1180,43439762,49615300.4780,149525,24088931.0770
1657670400000,1.1170,1.2440,1.0960,1.2370,59709631,69267078.7250,210130,35483807.9450
1657756800000,1.2360,1.4090,1.2020,1.3890,65246863,83009495.9590,237976,43355369.8030
1657843200000,1.3890,1.4390,1.3540,1.3990,55116653,77220544.1970,232622,38738217.3550
1657929600000,1.4000,1.4690,1.3410,1.4530,44198966,61916055.2060,190836,32362638.1510
1658016000000,1.4540,1.4850,1.3450,1.3990,32960442,46121867.2590,160426,21673229.7690
1658102400000,1.4000,1.5900,1.3950,1.5040,44849873,67662570.0490,224384,34075210.8440
1658188800000,1.5040,1.5250,1.3880,1.4160,53018994,77104726.1200,244898,37444777.6680
1658275200000,1.4160,1.4690,1.3000,1.3220,50040752,70099804.2680,216822,33989272.3520
1658361600000,1.3220,1.4400,1.2750,1.4130,44218171,60337592.8640,207817,30593607.2100
1658448000000,1.4130,1.4560,1.3040,1.3260,44400312,61987294.3760,202902,28998604.9770
1658534400000,1.3250,1.3860,1.2850,1.3400,23571300,31408306.1440,123134,15508368.3240
1658620800000,1.3400,1.3880,1.3200,1.3490,24297199,32822403.4630,117575,16439413.0360
1658707200000,1.3490,1.4400,1.2620,1.3590,65319903,88697754.6740,283920,44084495.8270
1658793600000,1.3590,1.3830,1.2150,1.2730,77231384,99619649.1590,288480,48561397.3130
1658880000000,1.2740,1.3910,1.2440,1.3810,50175219,65187430.8300,203602,32602983.8980
1658966400000,1.3820,1.6670,1.3460,1.5710,92871490,139978565.9670,376153,70100819.5160
1659052800000,1.5710,1.5900,1.4490,1.4920,53061295,80328143.8650,256481,38767458.3210
1659139200000,1.4920,1.5850,1.4530,1.4920,48898588,74118188.2140,239313,36440925.1630
1659225600000,1.4920,1.5850,1.4200,1.4440,37200912,56243899.2010,201096,26870873.6060
1659312000000,1.4440,1.4960,1.3920,1.4220,28860012,41661086.8770,151759,20351401.2480
1659398400000,1.4220,1.4400,1.3250,1.3610,35276289,48323109.8820,161515,23002221.7070
1659484800000,1.3600,1.4970,1.3160,1.4300,46973424,67291786.6230,192822,34271842.6750
1659571200000,1.4310,1.5220,1.4110,1.4630,45898798,67185871.5310,203972,33060276.2800
1659657600000,1.4630,1.5440,1.4560,1.5150,27645719,41405092.6240,148506,20471981.0450
1659744000000,1.5150,1.5600,1.4850,1.5040,21486465,32710665.2630,103861,16182780.1790
1659830400000,1.5050,1.5390,1.4690,1.5030,17561739,26409393.4820,94470,12653277.9580
1659916800000,1.5040,1.6210,1.5010,1.5620,28066333,44141679.5000,133476,22477312.1610
1660003200000,1.5610,1.5760,1.4190,1.4230,30405975,45120874.9700,147935,21706060.9200
1660089600000,1.4240,1.6060,1.3840,1.5830,44941021,67539060.8030,202974,33787548.7660
1660176000000,1.5830,1.6160,1.5200,1.5330,31550831,49914612.5730,161698,24883479.5610
1660262400000,1.5340,1.5800,1.4960,1.5650,20937623,32243805.8080,119964,15813536.9520
1660348800000,1.5640,1.5940,1.5230,1.5330,15510985,24204391.8620,96037,11714482.1680
1660435200000,1.5330,1.6060,1.4630,1.4830,30833031,47384310.6330,145286,22783230.9000
1660521600000,1.4830,1.5430,1.4170,1.4440,28617700,42198294.2680,148719,20337757.7900
1660608000000,1.4450,1.4610,1.4030,1.4140,23870364,34183107.9670,118715,16752673.3110
1660694400000,1.4150,1.4760,1.3550,1.3730,29474536,41556256.7200,146142,20356868.8520
1660780800000,1.3730,1.4030,1.2800,1.3000,26414732,36009176.9640,121738,17624930.8320
1660867200000,1.3000,1.3080,1.1630,1.1810,48132668,58775578.9190,180128,28544401.7230
1660953600000,1.1810,1.2200,1.1290,1.1670,30014171,35474652.6400,111705,17585778.4710
1661040000000,1.1680,1.2180,1.1610,1.1970,26504828,31534881.5290,96071,15513382.1720
1661126400000,1.1970,1.2040,1.1290,1.1880,37468727,43482426.4610,122138,21371460.8500
1661212800000,1.1880,1.2240,1.1500,1.2120,32578718,38855967.5130,110638,19829762.4880
1661299200000,1.2120,1.2340,1.1740,1.1980,27504418,33153999.7800,94735,16589803.2160
1661385600000,1.1980,1.2610,1.1780,1.2000,38418875,46782450.4290,133167,23580376.9970
1661472000000,1.2000,1.2100,1.0490,1.0670,45176812,51627622.9260,149195,24566876.9730
1661558400000,1.0670,1.0830,1.0420,1.0600,21029018,22415521.4820,80885,11245072.2180
1661644800000,1.0600,1.0720,0.9970,1.0030,28383273,29706228.7570,88224,14800973.2310
1661731200000,1.0040,1.1100,0.9910,1.1000,26301855,27584796.1810,86787,13888379.2960
1661817600000,1.1000,1.1130,1.0190,1.0510,34296457,36792617.3880,106842,18343221.2950
1661904000000,1.0510,1.0970,1.0310,1.0330,28572853,30551652.8820,93145,14960683.6660
1661990400000,1.0330,1.0650,1.0040,1.0590,26150603,27004994.9670,87152,13139228.5430
1662076800000,1.0590,1.1440,1.0440,1.1130,48226255,52819156.0660,152072,26582815.5390
1662163200000,1.1120,1.1400,1.0810,1.1330,35610520,39622724.1010,120369,19806893.2630
1662249600000,1.1330,1.1620,1.1080,1.1570,26693340,30235387.3540,88614,15273999.4440
1662336000000,1.1570,1.2440,1.1180,1.2380,61629907,73127120.6920,170869,37958380.7840
1662422400000,1.2370,1.2670,1.1230,1.1460,62460913,75014024.8520,193610,37448834.6700
1662508800000,1.1460,1.2680,1.0840,1.2530,50953623,58926525.1370,164438,29907490.9570
1662595200000,1.2520,1.3380,1.1840,1.3260,81509804,102859492.7790,247335,52734383.1060
1662681600000,1.3270,1.3660,1.2900,1.3260,69868216,92583362.9340,202144,46735231.7060
1662768000000,1.3260,1.3780,1.2860,1.3350,47111458,62719248.5860,156723,31589851.6660
1662854400000,1.3350,1.3660,1.2730,1.3010,27563769,36371299.7570,108367,18106400.7120
1662940800000,1.3010,1.3500,1.2460,1.2680,40813541,53011305.5380,144683,26150054.8900
1663027200000,1.2680,1.2820,1.1680,1.1690,46470701,56954407.3390,148793,28626927.8280
1663113600000,1.1690,1.2060,1.1510,1.1880,29684714,35128620.6590,102687,17645462.3190
1663200000000,1.1880,1.1900,1.1030,1.1120,34153336,38990305.6660,120625,18751330.9620
1663286400000,1.1130,1.1470,1.0920,1.1330,28682886,32168189.1750,95218,15947867.4380
1663372800000,1.1330,1.1830,1.1180,1.1780,21462010,24539300.5770,65949,12181059.9810
1663459200000,1.1790,1.1800,0.9790,1.0270,32755891,36062886.6580,107002,17073076.9360
1663545600000,1.0280,1.0800,0.9980,1.0660,31935243,33207312.5190,109210,16255272.0910
1663632000000,1.0650,1.0760,1.0280,1.0340,35993206,37916964.9280,93515,18565665.9760
1663718400000,1.0340,1.1090,0.9900,1.0100,58273951,61001633.8190,151221,30466929.6760
1663804800000,1.0090,1.0960,1.0060,1.0880,31574193,33507633.2360,92783,17306538.3550
1663891200000,1.0880,1.1120,1.0320,1.0830,37629947,40161837.8710,106672,19449588.8580
1663977600000,1.0830,1.1190,1.0640,1.0660,25211232,27526804.9350,78053,13679925.7280
1664064000000,1.0660,1.0910,1.0270,1.0380,27223274,29006886.0420,70563,14491675.8140
1664150400000,1.0370,1.0610,1.0100,1.0600,45385397,47236234.7050,99031,23882145.1100
1664236800000,1.0590,1.1410,1.0400,1.0680,52511178,57625757.7350,127412,28468787.8880
1664323200000,1.0680,1.0810,1.0200,1.0730,35505228,37327448.0650,94997,18515426.7950
1664409600000,1.0730,1.1120,1.0520,1.1070,43545342,46966731.4600,104197,23803900.6050
1664496000000,1.1070,1.1180,1.0810,1.1030,37209281,40905803.4400,95743,20502710.4360
1664582400000,1.1020,1.1250,1.0690,1.0730,30385879,33431244.3650,73684,16921064.6570
1664668800000,1.0730,1.0750,1.0270,1.0320,43918550,46258164.8520,95916,22517938.1200
1664755200000,1.0310,1.0930,1.0140,1.0870,39990845,42361660.1930,91768,21189858.7680
1664841600000,1.0860,1.1740,1.0800,1.1540,62512985,70429746.5240,146732,36010141.9030
1664928000000,1.1550,1.3260,1.0990,1.2880,154275602,187680654.2320,365781,96593988.7240
1665014400000,1.2880,1.3570,1.2510,1.3270,290734781,378743027.4090,634343,197302119.8720
1665100800000,1.3270,1.4360,1.2970,1.3590,243290080,329559828.8970,533212,171119353.3260
1665187200000,1.3590,1.3870,1.3330,1.3690,116142737,157800049.2240,264011,80884164.7390
1665273600000,1.3690,1.3920,1.3210,1.3850,102165179,138394441.8460,231927,71381827.9230
1665360000000,1.3850,1.3880,1.2360,1.2610,171668782,228108957.9990,361356,113719990.1200
1665446400000,1.2610,1.2840,1.2030,1.2560,135008938,167527467.1780,284257,83634570.6820
1665532800000,1.2550,1.2750,1.1650,1.1680,78185182,96423622.3460,179611,46674502.7480
1665619200000,1.1680,1.2560,1.0870,1.2550,157197520,183226322.3160,332605,91981454.6700
1665705600000,1.2540,1.5900,1.2460,1.4650,468304463,656400331.8930,962059,344289442.0320
1665792000000,1.4650,1.5030,1.3960,1.4800,276027158,399064052.5200,591970,202653682.1420
1665878400000,1.4810,1.5070,1.4120,1.4590,163489613,238483029.3230,390583,121415224.0470
1665964800000,1.4590,1.4720,1.3790,1.4190,134842464,191640010.3590,317278,95934526.7860
1666051200000,1.4190,1.5390,1.3870,1.4980,218425775,318919832.3790,505591,162351651.0540
1666137600000,1.4980,1.5350,1.4560,1.4860,166717896,249013373.1630,383223,127231046.9690
1666224000000,1.4860,1.4930,1.3600,1.3660,148764419,211233639.9580,322615,104584539.4290
1666310400000,1.3660,1.3750,1.2750,1.3480,151542602,201692888.6890,312221,100800465.8250
1666396800000,1.3470,1.3500,1.2920,1.3060,71558717,94290799.6300,165151,45934219.3550
1666483200000,1.3050,1.4450,1.2570,1.4370,151292793,203518911.7330,307737,101947260.2170
1666569600000,1.4370,1.4650,1.3930,1.4180,183382710,261831474.8460,372923,133759163.1580
1666656000000,1.4190,1.6640,1.3930,1.5590,237027019,360113388.4990,543118,185337013.0750
1666742400000,1.5600,1.7200,1.5520,1.6680,272677457,446286090.8050,635228,228882259.7480
1666828800000,1.6690,1.7240,1.5940,1.6100,204002934,338729803.1830,516433,167939356.9690
1666915200000,1.6090,1.7620,1.5910,1.7070,204334179,342395640.4040,512527,174133630.2460
1667001600000,1.7080,1.8730,1.6430,1.8400,187330375,328505131.1390,541626,165169525.4920
1667088000000,1.8400,1.8900,1.6540,1.6980,137073403,244313705.7470,452665,119588084.1860
1667174400000,1.6970,1.8080,1.5820,1.5960,158746805,269905215.7640,452751,132327393.8430
1667260800000,1.5960,1.6620,1.5620,1.5830,107187332,173012913.1220,314121,83894070.6170
1667347200000,1.5820,1.6970,1.4980,1.6200,160550484,254155342.5250,451265,124630213.7740
1667433600000,1.6200,1.8200,1.6050,1.7410,156079934,268765911.9830,460105,136435099.7250
1667520000000,1.7410,2.0790,1.6940,1.9790,222763653,424091435.6260,715014,212926166.2370
1667606400000,1.9800,2.0140,1.7770,1.8190,125565582,241315287.2880,448926,117130653.3270
1667692800000,1.8200,1.8920,1.7100,1.7150,101037933,183094717.0910,350960,89202948.3060
1667779200000,1.7150,1.9280,1.6640,1.7270,179073660,321086374.0050,599662,159544440.7830
1667865600000,1.7280,1.8650,1.1110,1.3900,346528707,538872752.2180,1182949,262682117.8460
1667952000000,1.3890,1.4150,0.9860,1.0150,277723814,331981245.6950,1019397,162331727.5520
1668038400000,1.0150,1.3010,0.9950,1.2400,180527666,210482872.5640,639398,105700840.7530
1668124800000,1.2390,1.3520,1.1460,1.2530,158717600,197195934.3210,541971,96819032.4700
1668211200000,1.2530,1.2620,1.1020,1.1720,91626410,107046412.8980,279986,52491089.6340
1668297600000,1.1720,1.2880,1.1520,1.2440,142974215,176398031.3200,463275,87212170.3080
1668384000000,1.2450,1.3300,1.1340,1.2710,152682202,188223624.8950,508859,94932720.8950
1668470400000,1.2710,1.3800,1.2360,1.3110,111788478,146142264.3560,362136,73178673.8300
1668556800000,1.3100,1.3740,1.2620,1.2980,102873932,134973580.9620,350794,66279568.9270
1668643200000,1.2970,1.3280,1.2220,1.2280,78743291,99650596.4900,263347,49287920.2260
1668729600000,1.2290,1.2610,1.1910,1.2150,51187059,62745995.4750,167604,31202278.7590
1668816000000,1.2150,1.2320,1.1600,1.2210,44270640,52966590.4410,146037,25989246.9560
1668902400000,1.2210,1.2500,1.1370,1.1700,57460663,68613683.7030,185957,33420727.1670
1668988800000,1.1700,1.2090,1.0760,1.1160,98996469,112548040.8130,295455,55352948.7440
1669075200000,1.1160,1.1870,1.0780,1.1760,72528907,82529359.4400,209009,41037474.4530
1669161600000,1.1760,1.2240,1.1610,1.2070,59126139,70687513.2020,185441,35975611.5620
1669248000000,1.2060,1.2310,1.1560,1.1670,45711939,54771447.4640,144122,26488408.4890
1669334400000,1.1680,1.1880,1.1400,1.1720,43405768,50489188.9480,129468,24864310.5110
1669420800000,1.1730,1.2200,1.1660,1.1910,41064062,48848459.1140,129083,24114209.9140
1669507200000,1.1900,1.3210,1.1830,1.2680,112392336,143071142.8270,325798,71656919.6530
1669593600000,1.2680,1.3860,1.2070,1.3350,196966665,261033957.2230,563865,132125967.5020
1669680000000,1.3350,1.4200,1.2910,1.3870,112711742,154151074.0740,357085,77255825.9960
1669766400000,1.3870,1.4870,1.3650,1.4670,93088548,132473336.7450,325396,67318371.5260
1669852800000,1.4670,1.4730,1.3520,1.3850,59538471,82749651.7840,226572,41903386.0940
1669939200000,1.3860,1.4000,1.3200,1.3790,61413171,83173630.2230,210506,41817759.1140
1670025600000,1.3790,1.4310,1.3110,1.3260,47725634,65481192.4030,165329,31799400.5390
1670112000000,1.3260,1.3580,1.3240,1.3480,23690429,31775934.3810,101257,15981382.5810
1670198400000,1.3480,1.4040,1.3440,1.3790,43720007,60276644.9090,166632,29082584.9710
1670284800000,1.3790,1.4260,1.2340,1.2620,123560762,162570224.3530,373753,77850170.5940
1670371200000,1.2610,1.2790,1.1410,1.1610,108101299,130266165.4890,307266,61943839.0310
1670457600000,1.1620,1.1990,1.1310,1.1860,70214608,82005974.7200,191576,40449576.3440
1670544000000,1.1870,1.2130,1.1410,1.1840,59601689,70231250.3170,175933,34673703.8140
1670630400000,1.1840,1.2000,1.1630,1.1730,27748116,32848401.3000,97893,16182000.0420
1670716800000,1.1740,1.1910,1.1120,1.1420,43503278,50625079.1500,121801,25295188.7750
1670803200000,1.1410,1.1450,1.0870,1.1390,52753202,59031486.7630,150355,28293198.5750
1670889600000,1.1390,1.1730,1.0940,1.1620,52407369,59754696.1920,158243,29545520.7060
1670976000000,1.1620,1.1710,1.1110,1.1170,39886235,45610433.1540,123038,22021843.8400
1671062400000,1.1180,1.1330,1.0930,1.1280,34447117,38351363.9440,113579,18548971.8130
1671148800000,1.1280,1.1350,0.9480,0.9750,55238601,58338192.4790,179002,26967319.2770
1671235200000,0.9750,1.0240,0.9520,1.0180,31785812,31552396.8610,105406,15154071.5960
1671321600000,1.0190,1.0220,0.9970,1.0030,17518894,17673555.9470,65080,8997131.0350
1671408000000,1.0040,1.0170,0.8980,0.9230,44375123,42811568.6480,131603,20335742.6200
1671494400000,0.9230,0.9890,0.9170,0.9610,37717628,36304899.7670,111414,18350728.4860
1671580800000,0.9600,0.9650,0.9230,0.9330,28201523,26705140.4730,89956,13365204.5100
1671667200000,0.9330,0.9500,0.9040,0.9490,30061836,27892130.2350,90384,13630853.3120
1671753600000,0.9490,0.9590,0.9310,0.9380,22588178,21344357.7450,72902,10720455.1350
1671840000000,0.9390,0.9500,0.9350,0.9390,12182851,11467623.1850,45647,5580500.5190
1671926400000,0.9400,0.9480,0.9090,0.9340,20115328,18627616.6410,62518,8846111.2200
1672012800000,0.9340,0.9870,0.9290,0.9850,32954015,31701785.4740,106204,16104477.7050
1672099200000,0.9850,1.0230,0.9720,0.9830,62914803,62663823.0830,154636,31286254.7690
1672185600000,0.9830,0.9890,0.9390,0.9550,54743052,52657135.0940,135510,25950084.7900
1672272000000,0.9560,0.9840,0.9150,0.9400,40874819,39014183.0250,116825,19487810.7680
1672358400000,0.9390,0.9500,0.9110,0.9230,36346946,33873737.8600,95051,16455380.2370
1672444800000,0.9230,0.9440,0.9030,0.9240,26552556,24587058.4450,69000,12171384.5190
1672531200000,0.9240,0.9450,0.9110,0.9410,21669843,20088030.6460,61286,10094006.7690
1672617600000,0.9400,0.9720,0.9210,0.9590,39890633,37962693.4660,91385,18808932.8560
1672704000000,0.9580,0.9840,0.9480,0.9640,30754859,29651627.9030,80865,15028604.2440
1672790400000,0.9650,1.0130,0.9620,0.9900,40341396,40019168.2700,104821,19569424.7640
1672876800000,0.9900,1.0090,0.9670,0.9860,35140329,34639704.9060,89767,16995258.0610
1672963200000,0.9850,1.0540,0.9560,1.0430,45635375,45340625.1690,121052,23159877.8220
1673049600000,1.0430,1.0730,1.0250,1.0670,43117551,45464864.1220,118544,22619328.4340
1673136000000,1.0670,1.0990,1.0430,1.0910,62162293,66460694.4120,146700,33410081.3550
1673222400000,1.0910,1.1370,1.0760,1.0770,84144005,93323102.0570,180362,45653202.2360
1673308800000,1.0780,1.1490,1.0620,1.1180,81949858,90702170.4130,180920,45775000.2300
1673395200000,1.1190,1.1250,1.0480,1.0940,57792137,62514590.6180,140867,30328195.5610
1673481600000,1.0940,1.1450,1.0570,1.1370,91579072,101842782.0800,211180,50725991.0180
1673568000000,1.1380,1.2250,1.0960,1.2060,109248381,126263142.8650,242232,63376416.6790
1673654400000,1.2070,1.3330,1.1760,1.2450,117403460,146306394.0700,316696,72417523.9480
1673740800000,1.2450,1.3370,1.2110,1.2890,74446163,95034036.9810,219518,46899680.6350
1673827200000,1.2900,1.3390,1.1870,1.2550,82035457,103830267.7380,238698,50479840.1720
1673913600000,1.2550,1.2980,1.2240,1.2290,45494095,57482596.7630,145937,27553816.2720
1674000000000,1.2290,1.3200,1.1210,1.1770,88028880,107871723.5310,259672,52395209.6900
1674086400000,1.1770,1.2030,1.1460,1.1900,37743737,44416458.2610,113168,21085188.4600
1674172800000,1.1900,1.3180,1.1640,1.3070,48107099,59250939.0880,144255,29832563.7520
1674259200000,1.3070,1.3600,1.2650,1.3010,61603398,81463041.5750,187675,40131601.2430
1674345600000,1.3010,1.4170,1.2770,1.3360,59831679,80757002.0380,191568,39701657.5760
1674432000000,1.3370,1.3830,1.3170,1.3400,44484499,60200928.4240,146892,28969063.4800
1674518400000,1.3390,1.3770,1.2170,1.2390,47499858,62993450.2720,156531,31064531.5890
1674604800000,1.2390,1.3260,1.2140,1.2970,48905670,61861531.7590,157461,30640071.3710
1674691200000,1.2970,1.3390,1.2660,1.3210,46597240,60957534.6530,149616,30161470.0850
1674777600000,1.3200,1.3620,1.2660,1.3500,40481400,53295771.9640,128247,26264721.7330
1674864000000,1.3490,1.3670,1.2780,1.2920,23892504,31512342.3440,83767,14439516.2720
1674950400000,1.2910,1.3680,1.2750,1.3520,25384488,33685604.7920,90282,16622017.3260
1675036800000,1.3520,1.3660,1.2130,1.2460,41906981,53443857.7460,145187,24658345.2180
1675123200000,1.2460,1.2800,1.2350,1.2640,25224127,31638119.8380,87210,15881087.9870
1675209600000,1.2630,1.3190,1.1880,1.3040,44123650,55380615.3430,149043,27187772.9390
1675296000000,1.3050,1.6300,1.3040,1.5210,125923508,186228299.6850,421129,93510806.9250
1675382400000,1.5200,1.6400,1.4690,1.5500,125344103,194322985.7000,423765,96321013.3110
1675468800000,1.5500,1.5810,1.4960,1.5060,35061489,54255860.0830,140821,25914490.6380
1675555200000,1.5060,1.5370,1.4080,1.4330,38281888,56387494.4810,154855,27174678.5830
1675641600000,1.4330,1.5540,1.3900,1.4310,58047221,85775093.4710,220966,41845387.0070
1675728000000,1.4310,1.5130,1.4260,1.5030,46446094,68254183.3330,177495,34124808.1560
1675814400000,1.5030,1.5480,1.3740,1.4410,45204161,65914009.1170,169849,31692761.2600
1675900800000,1.4420,1.4710,1.2180,1.2600,59798573,81326606.8120,234324,38456154.4080
1675987200000,1.2600,1.3160,1.2330,1.2940,50514395,64476397.0790,178402,32539853.6910
1676073600000,1.2940,1.3290,1.2680,1.3120,21194781,27383208.5780,90998,13206461.1520
1676160000000,1.3120,1.3230,1.2390,1.2670,23905639,31060751.0420,99770,14859665.4230
1676246400000,1.2670,1.2870,1.2020,1.2830,46218873,57966982.6510,176792,29047008.6510
1676332800000,1.2820,1.3250,1.2370,1.3080,35344120,45455869.2550,148778,22091326.0720
1676419200000,1.3080,1.4210,1.2830,1.4170,52440181,70140149.8940,181703,34979528.7300
1676505600000,1.4180,1.4400,1.3150,1.3240,56133783,78541319.3780,196519,37960148.8690
1676592000000,1.3240,1.4310,1.3120,1.4110,40476436,55784671.5660,153752,27536322.7250
1676678400000,1.4100,1.4710,1.4010,1.4330,34379484,49341158.0350,132920,24041607.5790
1676764800000,1.4340,1.5180,1.4110,1.4210,41046785,59753042.0230,178857,29162810.9700
1676851200000,1.4210,1.5130,1.3800,1.5040,36378142,53716140.9710,178166,26502989.2290
1676937600000,1.5040,1.5170,1.3950,1.4540,41960315,61095913.3320,199897,29581101.0670
1677024000000,1.4540,1.4740,1.3370,1.3960,37889665,52774440.8380,193663,25344189.1110
1677110400000,1.3960,1.4880,1.3820,1.4780,56916166,81529746.1370,239604,41791023.1180
1677196800000,1.4770,1.5160,1.3310,1.3590,67818312,97710617.2130,282614,47529055.6940
1677283200000,1.3600,1.3840,1.2710,1.3180,34418777,45887501.3350,152673,22561478.1670
1677369600000,1.3180,1.3480,1.3080,1.3470,23301231,31004767.2730,102044,15615811.4980
1677456000000,1.3460,1.3660,1.2740,1.3000,39131259,51690756.0450,146975,25476708.5290
1677542400000,1.3010,1.3390,1.2580,1.2760,35784119,46376899.7670,147788,22977531.9370
1677628800000,1.2750,1.3650,1.2630,1.3590,26683940,35420726.4970,127471,17669582.7940
1677715200000,1.3600,1.3680,1.2860,1.3150,36427286,47921130.3160,156140,23104999.6400
1677801600000,1.3140,1.3150,1.1570,1.2380,39265333,47979446.9610,149938,22970654.2200
1677888000000,1.2390,1.2500,1.1600,1.2020,24600555,29653161.9380,96852,14585697.9400
1677974400000,1.2020,1.2300,1.1900,1.2010,21138351,25630273.7690,83477,12751741.5710
1678060800000,1.2020,1.2250,1.1700,1.2160,27685289,33220380.4540,101885,16708269.0000
1678147200000,1.2150,1.2370,1.1540,1.1900,32646758,38926148.8560,126353,18866084.7800
1678233600000,1.1910,1.1990,1.1020,1.1140,32982030,38151775.1410,133916,18415794.1790
1678320000000,1.1140,1.1680,1.0290,1.0570,46277904,50995708.5840,159685,24630164.6770
1678406400000,1.0560,1.0980,0.9960,1.0880,79122125,83469398.7450,224180,41861974.0650
1678492800000,1.0870,1.1050,1.0140,1.0720,71185988,75523619.1220,233657,37424962.9290
1678579200000,1.0720,1.1720,1.0500,1.1630,106556826,119203103.9770,292284,59724204.7570
1678665600000,1.1640,1.2890,1.1080,1.2260,120697982,144142365.6310,332297,70134782.0260
1678752000000,1.2270,1.2870,1.1800,1.2480,119287071,146995429.8400,327537,71802013.3460
1678838400000,1.2480,1.2790,1.0990,1.1250,89688665,107483544.1200,285090,52534005.9070
1678924800000,1.1260,1.1870,1.1070,1.1650,64512135,73370753.5870,208545,36741899.3560
1679011200000,1.1650,1.2570,1.1470,1.2520,63019615,75057318.9870,217261,36698543.2230
1679097600000,1.2530,1.3010,1.1870,1.2010,59957780,74902776.2680,214031,37222550.6500
1679184000000,1.2010,1.2630,1.1960,1.2240,39493988,48518604.7520,155115,23879983.4100
1679270400000,1.2250,1.2500,1.1430,1.1620,48782778,58544975.2590,230616,28238712.0990
1679356800000,1.1620,1.2190,1.1250,1.1710,99579767,115885900.1100,327867,56656673.8310
1679443200000,1.1720,1.1780,1.0250,1.0500,112719582,125237960.8290,343205,58843543.4730
1679529600000,1.0500,1.1190,1.0440,1.0750,79489279,85610463.8870,208359,42063855.5160
1679616000000,1.0760,1.0850,1.0120,1.0300,74986736,78394171.6230,223178,37708747.9890
1679702400000,1.0300,1.0440,0.9970,1.0190,57741496,58879233.8850,154546,27820789.4500
1679788800000,1.0180,1.0590,1.0100,1.0530,40288152,41863809.1680,117714,20448185.3160
1679875200000,1.0520,1.0620,0.9640,1.0070,80812840,82330483.3470,199632,39578603.6150
1679961600000,1.0070,1.0540,0.9910,1.0500,62794869,64077796.1930,170722,31891902.4930
1680048000000,1.0500,1.0910,1.0460,1.0830,59974369,64395534.1140,158361,31843216.3770
1680134400000,1.0830,1.1010,1.0400,1.0770,44664473,47726243.8920,136454,23099898.5790
1680220800000,1.0780,1.1090,1.0550,1.1050,35474834,38375905.2250,115026,18952134.0640
1680307200000,1.1050,1.1230,1.0760,1.0940,25250793,27721224.9280,91094,13172596.5840
1680393600000,1.0930,1.1100,1.0430,1.0560,34199525,36739270.5050,123287,17437481.2490
1680480000000,1.0570,1.1010,1.0060,1.0830,43379331,46205971.2890,158518,22175437.3700
1680566400000,1.0840,1.1590,1.0740,1.1350,40635372,45513606.4300,151303,22461870.7730
1680652800000,1.1360,1.1620,1.1140,1.1300,30045303,34222257.1480,109296,16667195.5350
1680739200000,1.1310,1.1450,1.1080,1.1440,27461611,30973494.0950,100456,15500977.7870
1680825600000,1.1430,1.1490,1.0960,1.1090,33136592,37052612.5470,114462,17887083.2840
1680912000000,1.1080,1.1330,1.0880,1.1010,23917188,26632882.5860,85386,12798765.5930
1680998400000,1.1010,1.1280,1.0580,1.1130,53827577,58545590.7940,163342,28609024.7940
1681084800000,1.1130,1.1510,1.0930,1.1460,30721999,34487824.2870,103189,17329133.6160
1681171200000,1.1470,1.1580,1.1310,1.1400,27601074,31566989.5490,94429,15382512.9280
1681257600000,1.1390,1.1450,1.0910,1.1250,48995614,54649627.4040,150875,26656733.3110
1681344000000,1.1250,1.1730,1.1110,1.1700,36746746,42151480.6990,123258,20555142.3040
1681430400000,1.1700,1.2020,1.1490,1.1890,44748538,52761046.4910,144879,25951849.9310
1681516800000,1.1890,1.1930,1.1670,1.1810,23940227,28264524.7240,86581,13727457.2880
1681603200000,1.1810,1.2180,1.1610,1.1990,28647829,34126162.7360,107814,16846186.5250
1681689600000,1.1990,1.2010,1.1550,1.1660,41392403,48596383.0660,133594,23329095.9600
1681776000000,1.1660,1.2220,1.1570,1.2110,33973589,40702846.8570,115513,20258939.7390
1681862400000,1.2100,1.2110,1.0750,1.1040,54920113,62071693.6010,184907,29386944.7380
1681948800000,1.1030,1.1130,1.0420,1.0700,41051625,44563243.4420,138145,21862195.5880
1682035200000,1.0700,1.0820,1.0100,1.0260,37797112,39680508.6500,138695,19499089.4180
1682121600000,1.0250,1.0540,1.0220,1.0490,22274440,23156292.2700,78393,11487408.5320
1682208000000,1.0500,1.0620,1.0180,1.0440,29837116,31084526.6870,94907,15172376.1480
1682294400000,1.0450,1.0600,1.0270,1.0470,31596550,33045206.5270,95703,15981307.4510
1682380800000,1.0470,1.0680,1.0160,1.0650,39253357,40742362.5650,129293,20283026.3920
1682467200000,1.0660,1.0960,0.9790,1.0310,67391784,70646526.5500,197485,33336541.1070
1682553600000,1.0300,1.0680,1.0210,1.0570,53179765,55579628.5950,167059,27856610.4410
1682640000000,1.0570,1.0600,1.0250,1.0480,32992724,34429437.2190,102511,16280219.0790
1682726400000,1.0480,1.0610,1.0380,1.0550,23926466,25112727.2480,70765,12997155.6910
1682812800000,1.0550,1.0560,1.0140,1.0160,36422262,37787213.9210,101103,18302917.4700
1682899200000,1.0150,1.0230,0.9880,1.0080,36580361,36872941.1680,106207,17602592.6270
1682985600000,1.0080,1.0270,0.9980,1.0150,33749765,34179155.6040,88846,17527490.7510
1683072000000,1.0140,1.0510,0.9920,1.0440,49074490,49753082.1840,128069,24308571.8340
1683158400000,1.0430,1.0450,1.0180,1.0290,25395919,26178018.5550,71552,12701243.5510
1683244800000,1.0290,1.0550,1.0190,1.0450,37131285,38591117.4240,100003,19071363.6070
1683331200000,1.0460,1.0510,0.9850,0.9950,37498542,37958022.0490,107910,17521974.1550
1683417600000,0.9950,1.0080,0.9860,0.9900,24268317,24221011.1550,66014,12012837.0930
1683504000000,0.9900,0.9950,0.8660,0.9020,60431559,56038635.0130,190996,25948824.4970
1683590400000,0.9030,0.9080,0.8780,0.8930,30823486,27523160.7420,86495,13388471.7210
1683676800000,0.8930,0.9170,0.8450,0.9140,47820700,42780507.8070,144943,21200027.2110
1683763200000,0.9150,0.9160,0.8550,0.8720,36859905,32643773.6420,123849,16057054.3190
1683849600000,0.8730,0.8870,0.8440,0.8860,40168357,34868116.1730,120393,17800883.1210
1683936000000,0.8860,0.8910,0.8720,0.8840,22305454,19653371.5790,62850,9488618.4070
1684022400000,0.8840,0.9000,0.8760,0.8950,24254901,21573818.6080,62152,10325792.6210
1684108800000,0.8950,0.9130,0.8840,0.8900,36965192,33251864.9220,95550,16043936.0250
1684195200000,0.8890,0.9000,0.8780,0.8960,44446413,39500249.3370,93461,19558613.0880
1684281600000,0.8970,0.9270,0.8820,0.9240,42381975,38260557.4660,120635,18708043.4910
1684368000000,0.9240,0.9280,0.8770,0.9050,43902943,39655347.3150,115596,18784532.1180
1684454400000,0.9050,0.9070,0.8900,0.8990,26026183,23427523.3190,64619,11984201.2500
1684540800000,0.9000,0.9080,0.8870,0.8980,19784505,17748927.7830,53860,8811890.1800
1684627200000,0.8990,0.9060,0.8750,0.8780,27093465,24086723.4210,68332,11028069.5580
1684713600000,0.8790,0.9010,0.8630,0.8960,34034715,30219421.1830,91743,15893463.3940
1684800000000,0.8960,0.9150,0.8930,0.8990,27413127,24705109.3580,68889,12358558.8600
1684886400000,0.8990,0.9000,0.8510,0.8640,43279343,37641787.0260,118218,17317332.6690
1684972800000,0.8640,0.8650,0.8410,0.8500,33279497,28364600.5350,85417,14104013.2480
1685059200000,0.8490,0.8530,0.8250,0.8390,39620018,33194200.2000,95197,15805954.6770
1685145600000,0.8400,0.8480,0.8310,0.8430,19521064,16398053.9240,49044,8440120.1460
1685232000000,0.8420,0.8990,0.8380,0.8820,38300262,33261840.4450,103479,16561623.1200
1685318400000,0.8820,0.8860,0.8570,0.8690,36636983,31916333.5870,86701,15596568.8700
1685404800000,0.8690,0.8850,0.8580,0.8700,35386988,30843420.0320,87746,15352075.8750
1685491200000,0.8690,0.8730,0.8280,0.8390,46112895,38896865.0440,116376,18558938.2710
1685577600000,0.8380,0.8550,0.8290,0.8340,37333894,31429137.6040,94971,15500671.6270
1685664000000,0.8340,0.8590,0.8260,0.8540,33186143,28101374.1720,83942,14121626.8240
1685750400000,0.8550,0.8600,0.8470,0.8500,17302626,14746279.2830,44706,7289631.4360
1685836800000,0.8500,0.8700,0.8460,0.8580,24752597,21282991.3870,67327,11012612.9320
1685923200000,0.8580,0.8590,0.7276,0.7595,175899499,143174055.7449,364139,69890198.3939
1686009600000,0.7594,0.7700,0.7291,0.7668,113087056,85080740.2568,291839,42222438.9823
1686096000000,0.7669,0.7669,0.7121,0.7251,103687896,76467784.5476,294731,38200979.1290
1686182400000,0.7252,0.7549,0.7164,0.7457,59587789,44053856.5812,169832,21776600.0915
1686268800000,0.7456,0.7554,0.7312,0.7469,51258476,38185293.8487,124237,18894613.3378
1686355200000,0.7470,0.7480,0.4596,0.5825,212885745,125938449.2932,420919,61080587.0224
1686441600000,0.5825,0.5843,0.5594,0.5680,64176450,36909927.2047,153983,18307630.9078
1686528000000,0.5679,0.5737,0.5418,0.5702,70683702,39624983.2697,160250,20466502.1913
1686614400000,0.5702,0.5874,0.5636,0.5755,45212800,25956760.6553,120225,12687509.1807
1686700800000,0.5756,0.5927,0.5430,0.5557,48299115,27726525.3732,144582,13711208.9648
1686787200000,0.5557,0.5948,0.5507,0.5884,47186205,26950824.6674,139413,13274446.8811
1686873600000,0.5884,0.6144,0.5813,0.6008,42465820,25236573.3178,137878,12837376.1147
1686960000000,0.6010,0.6230,0.5963,0.5992,30313248,18390103.8202,111979,9296976.3193
1687046400000,0.5993,0.6069,0.5835,0.5949,34241477,20493764.5250,113739,10507909.2707
1687132800000,0.5950,0.6029,0.5813,0.5962,30721172,18247157.7546,98803,9207769.9330
1687219200000,0.5962,0.6204,0.5773,0.6197,38896024,23204242.5794,138180,11813220.8101
1687305600000,0.6196,0.6473,0.6184,0.6376,43397928,27467621.4358,159707,13616919.3431
1687392000000,0.6375,0.6607,0.6307,0.6410,42461999,27492141.5071,158817,13733228.9157
1687478400000,0.6410,0.6851,0.6385,0.6799,56095966,37120469.1510,205911,19351544.7565
1687564800000,0.6798,0.6944,0.6560,0.6732,38421614,25993176.3478,149918,12591622.3971
1687651200000,0.6734,0.7419,0.6728,0.6985,66321582,47279275.3331,249045,22440588.2368
1687737600000,0.6984,0.7005,0.6590,0.6730,51281981,34897092.6511,209480,17350337.5421
1687824000000,0.6730,0.6924,0.6668,0.6807,30508366,20729834.9537,129998,10196893.1249
1687910400000,0.6808,0.6816,0.5937,0.6272,44910615,28900351.2990,179196,14069557.8021
1687996800000,0.6272,0.6575,0.6232,0.6493,37622706,24214406.2365,152065,12125009.7518
1688083200000,0.6494,0.6927,0.6201,0.6886,60282216,40366689.2314,258510,20115017.1386
1688169600000,0.6886,0.6953,0.6600,0.6903,43536496,29743405.4256,179322,14371941.2952
1688256000000,0.6903,0.6932,0.6646,0.6920,37054552,25180907.3637,164105,12451153.6949
1688342400000,0.6919,0.7139,0.6883,0.7043,37108008,26089163.6658,173823,12456106.6097
1688428800000,0.7043,0.7075,0.6807,0.6932,35650767,24871290.5769,138785,11843745.7248
1688515200000,0.6931,0.7271,0.6681,0.6775,59845128,41526742.9273,222533,20178364.6193
1688601600000,0.6775,0.7134,0.6441,0.6452,53755159,36397150.1968,217649,17657974.7616
1688688000000,0.6451,0.6573,0.6358,0.6490,35816810,23230955.9543,153273,11476178.1702
1688774400000,0.6491,0.6540,0.6211,0.6352,29671252,18928135.8155,108335,9230024.0103
1688860800000,0.6353,0.6460,0.6307,0.6330,25627791,16349930.8823,86914,8110564.5064
1688947200000,0.6332,0.6482,0.6086,0.6326,41568232,25982387.8125,143048,12885910.9396
1689033600000,0.6326,0.6387,0.6263,0.6368,24947527,15793821.9593,87526,7939329.1723
1689120000000,0.6368,0.6517,0.6212,0.6334,31164839,19965814.5462,110508,9787019.9146
1689206400000,0.6333,0.7152,0.6231,0.7126,59421482,39973734.9855,225411,20003157.8851
1689292800000,0.7126,0.7300,0.6606,0.6853,69200015,48543569.9104,257391,23839666.2554
1689379200000,0.6854,0.6936,0.6702,0.6782,23249653,15833563.5797,94848,7549475.4880
1689465600000,0.6781,0.7150,0.6604,0.6800,57768478,39926692.8485,198116,19725184.9038
1689552000000,0.6800,0.8149,0.6778,0.7409,418186154,320207937.3820,1214586,157700979.7768
1689638400000,0.7410,0.7658,0.7000,0.7224,151613019,110945757.1265,458392,55185722.3349
1689724800000,0.7224,0.7434,0.7007,0.7064,66781540,47982041.6322,254249,23551121.2359
1689811200000,0.7063,0.7544,0.6995,0.7378,90856058,65909606.0408,333127,32477400.5276
1689897600000,0.7377,0.7562,0.7173,0.7204,66110618,48523680.1593,234265,23304093.1311
1689984000000,0.7204,0.7244,0.6831,0.6927,36975772,26187514.2064,142261,12411341.5422
1690070400000,0.6926,0.7148,0.6887,0.7014,26848311,18876281.4755,105781,9058380.2737
1690156800000,0.7013,0.7077,0.6187,0.6617,48064829,32354955.6741,172565,15323946.4953
1690243200000,0.6619,0.6686,0.6505,0.6545,33993388,22390431.4629,116347,10546131.1014
1690329600000,0.6545,0.6671,0.6425,0.6576,36549372,23919950.2417,127938,11822272.7694
1690416000000,0.6577,0.6763,0.6515,0.6557,30742231,20354705.6395,111726,10110153.8404
1690502400000,0.6558,0.6652,0.6454,0.6635,24461757,16061502.3263,94793,8192346.8194
1690588800000,0.6634,0.6850,0.6590,0.6839,25071115,16821510.2617,86441,8363739.6229
1690675200000,0.6840,0.7063,0.6512,0.6719,98067377,67353555.4503,271917,32348392.2026
1690761600000,0.6719,0.7186,0.6676,0.6847,86733676,59868102.4819,246349,29988039.6206
1690848000000,0.6847,0.7251,0.6481,0.7229,76002449,51817753.9945,241384,25766717.0451
1690934400000,0.7229,0.7498,0.7021,0.7157,140966776,102107880.6394,416246,51661862.5165
1691020800000,0.7157,0.7297,0.6924,0.7010,59779292,42676293.0079,206129,20863964.2060
1691107200000,0.7010,0.7077,0.6835,0.6959,43199317,30128844.1008,148871,14576554.0421
1691193600000,0.6959,0.7034,0.6751,0.6764,42399467,29078322.7068,150843,14547039.8001
1691280000000,0.6765,0.6932,0.6722,0.6862,33376177,22810123.8003,122935,11304947.2052
1691366400000,0.6864,0.7153,0.6761,0.7117,72978435,51120936.8428,236936,25556332.8219
1691452800000,0.7116,0.7347,0.6988,0.7221,78530834,56355309.5773,233066,28173202.2932
1691539200000,0.7222,0.7278,0.7004,0.7157,38611180,27612355.3890,138062,13230142.4512
1691625600000,0.7158,0.7342,0.7051,0.7143,50177825,35981968.2530,155900,18286789.2765
1691712000000,0.7144,0.7218,0.7010,0.7167,30154725,21440474.3442,109939,10160953.1854
1691798400000,0.7167,0.7635,0.7088,0.7549,63367797,46685335.1367,216967,23809846.8176
1691884800000,0.7550,0.7683,0.7310,0.7375,55623424,41484754.3892,195812,19526829.5417
1691971200000,0.7374,0.8030,0.7347,0.7743,117498753,91595092.9516,396325,44776835.1885
1692057600000,0.7743,0.7859,0.7018,0.7310,84932541,64337928.9290,289309,30333009.8243
1692144000000,0.7309,0.7338,0.6594,0.6773,66792275,46928149.2147,263558,22202276.9420
1692230400000,0.6773,0.6865,0.5340,0.5992,79365094,50773672.0790,270528,24640879.8904
1692316800000,0.5994,0.6057,0.5706,0.5775,77729944,45467922.8849,234854,22330537.6483
1692403200000,0.5776,0.5974,0.5727,0.5922,39971552,23352658.8800,130359,11208293.8156
1692489600000,0.5922,0.6039,0.5766,0.5873,37766646,22218470.9880,117939,10819673.6555
1692576000000,0.5873,0.5903,0.5530,0.5765,51998701,29900345.0282,157177,14509349.4732
1692662400000,0.5764,0.5866,0.5540,0.5814,45508785,26099278.6327,152952,12845939.3273
1692748800000,0.5815,0.5995,0.5732,0.5922,33232669,19523555.5570,118273,9492101.6795
1692835200000,0.5922,0.5943,0.5634,0.5743,32899080,19077328.9818,103840,9385490.3847
1692921600000,0.5743,0.5858,0.5605,0.5840,36831796,21168691.7688,124062,10386132.6171
1693008000000,0.5840,0.5943,0.5777,0.5929,20288456,11915665.1305,79246,5796642.4803
1693094400000,0.5929,0.5982,0.5884,0.5922,20210618,11999290.0203,79750,5967600.6503
1693180800000,0.5923,0.6055,0.5805,0.6002,35959736,21397903.1940,119643,10515014.0565
1693267200000,0.6002,0.6327,0.5761,0.6206,67342183,40978227.9704,196987,19811120.4721
1693353600000,0.6206,0.6232,0.5974,0.6117,29326486,17884761.2888,93379,8898713.5109
1693440000000,0.6116,0.6181,0.5801,0.5915,39284715,23712622.4573,142466,11644120.9318
1693526400000,0.5914,0.5961,0.5616,0.5703,30223118,17488537.6317,120760,8437656.4428
1693612800000,0.5702,0.5743,0.5623,0.5684,19454035,11071595.8169,89423,5278914.5485
1693699200000,0.5684,0.5745,0.5600,0.5701,16956098,9628484.9969,74245,4568813.7627
1693785600000,0.5702,0.5850,0.5578,0.5699,22242139,12675764.2258,102295,6174266.3819
1693872000000,0.5699,0.5955,0.5622,0.5900,27082181,15679643.8359,101387,7953202.8875
1693958400000,0.5900,0.6045,0.5781,0.5954,28054484,16628645.2051,111956,8329190.2377
1694044800000,0.5953,0.6020,0.5842,0.6005,16103226,9539004.3057,77014,4848116.1811
1694131200000,0.6005,0.6051,0.5808,0.6019,22822552,13587170.7122,92793,6575328.0513
1694217600000,0.6018,0.6073,0.5904,0.5920,15556123,9307662.0707,62138,4379124.9222
1694304000000,0.5920,0.5925,0.5590,0.5691,26126096,15038777.9815,100531,7596069.9871
1694390400000,0.5691,0.5703,0.5410,0.5601,43289019,24282121.1179,164669,11772029.2335
1694476800000,0.5603,0.5984,0.5597,0.5805,36828499,21389211.5455,139499,11032350.2318
1694563200000,0.5805,0.6170,0.5783,0.6137,32524689,19382233.1629,146877,9723508.8121
1694649600000,0.6137,0.6232,0.6038,0.6110,31918884,19566248.5417,143379,9797543.0395
1694736000000,0.6110,0.6372,0.6058,0.6319,25508258,15835030.9704,109346,7787928.5638
1694822400000,0.6319,0.6474,0.6263,0.6337,23101861,14713050.6515,98165,7043455.2945
1694908800000,0.6337,0.6344,0.5994,0.6178,22039949,13719345.1592,91404,6811995.9230
1694995200000,0.6181,0.6465,0.6097,0.6179,29556172,18673480.6787,129961,8937412.1042
1695081600000,0.6179,0.6290,0.6121,0.6224,25179848,15639812.6845,105145,7394526.7173
1695168000000,0.6224,0.6268,0.6000,0.6101,24261220,14920359.9942,108006,7158480.9950
1695254400000,0.6101,0.6179,0.5949,0.6031,23508070,14277627.3835,103330,6667289.5847
1695340800000,0.6031,0.6176,0.5985,0.6143,17212424,10535054.8168,81150,5249431.5354
1695427200000,0.6144,0.6216,0.5832,0.5856,21538736,13005608.6620,88096,6266005.2432
1695513600000,0.5856,0.5945,0.5768,0.5805,32008365,18738051.5843,120754,9306676.4567
1695600000000,0.5805,0.5959,0.5731,0.5911,23103278,13560455.2488,92914,6654760.5347
1695686400000,0.5911,0.5937,0.5772,0.5862,16852288,9893518.2540,71058,4701097.2558
1695772800000,0.5862,0.5983,0.5706,0.5791,24396852,14265056.8817,96556,6768620.7067
1695859200000,0.5790,0.6026,0.5783,0.5922,25811023,15173027.1975,96540,7639651.9873
1695945600000,0.5923,0.6109,0.5800,0.5892,29094746,17250921.4067,102474,8566838.4166
1696032000000,0.5892,0.6079,0.5881,0.6002,17538659,10516614.9451,69026,5084663.8782
1696118400000,0.6003,0.6284,0.5983,0.6200,29098043,17733834.7238,105883,8629828.9828
1696204800000,0.6199,0.6242,0.5790,0.5923,35821290,21665434.2257,132782,10597505.7492
1696291200000,0.5924,0.6002,0.5805,0.5834,21165845,12488813.2211,87726,5882246.9776
1696377600000,0.5833,0.5834,0.5587,0.5759,29640720,17032807.4585,115457,8392348.2561
1696464000000,0.5760,0.5803,0.5527,0.5612,25490382,14403693.5383,101780,6970384.4865
1696550400000,0.5613,0.5825,0.5600,0.5781,22326509,12731429.5637,87264,6338440.3158
1696636800000,0.5781,0.5822,0.5710,0.5761,13155137,7577461.0598,58241,3739822.5835
1696723200000,0.5761,0.5780,0.5654,0.5750,13356122,7649100.1479,65661,3693785.7259
1696809600000,0.5749,0.5771,0.5300,0.5474,30915058,17077983.0255,114291,8214549.7407
1696896000000,0.5475,0.5493,0.5278,0.5347,36104183,19492257.2274,115932,9720080.0666
1696982400000,0.5348,0.5424,0.5213,0.5379,25131409,13439172.0882,92072,6583832.6085
1697068800000,0.5380,0.5430,0.5270,0.5408,19242764,10328773.2241,71834,5115534.0189
1697155200000,0.5409,0.5484,0.5365,0.5414,18160969,9821321.0820,67658,4899723.3215
1697241600000,0.5414,0.5470,0.5397,0.5417,10479357,5688916.5939,39807,2770174.1975
1697328000000,0.5418,0.5541,0.5389,0.5472,18511722,10121290.6243,63185,5012016.9699
1697414400000,0.5472,0.5717,0.5463,0.5525,25624757,14228829.7284,94459,6821966.6595
1697500800000,0.5525,0.5575,0.5300,0.5416,23864638,13045851.0988,76003,6274484.6494
1697587200000,0.5416,0.5476,0.5295,0.5300,19279687,10356675.6731,67101,5081487.1407
1697673600000,0.5301,0.5328,0.5187,0.5300,19575893,10334507.2543,61691,4914240.9681
1697760000000,0.5300,0.5583,0.5281,0.5561,22768804,12473966.8494,76756,6278309.9597
1697846400000,0.5561,0.5799,0.5522,0.5697,20473378,11622246.6816,73019,5692155.2007
1697932800000,0.5697,0.5813,0.5613,0.5702,27097216,15457318.7034,88846,7634603.4570
1698019200000,0.5701,0.6102,0.5647,0.5986,56399005,32779795.1341,202164,16104608.4586
1698105600000,0.5986,0.6213,0.5834,0.6109,55575885,33551451.5249,211206,16167277.1439
1698192000000,0.6109,0.6276,0.5941,0.6140,34871350,21356749.1305,132802,10542097.7635
1698278400000,0.6139,0.6383,0.5850,0.6125,47084069,28971457.5602,185756,14096417.6026
1698364800000,0.6125,0.6176,0.5952,0.6074,26420852,16027229.1452,102881,7550092.9599
1698451200000,0.6073,0.6291,0.6062,0.6230,20427984,12646057.7369,74899,6144271.2801
1698537600000,0.6229,0.6424,0.6112,0.6360,15774946,9897209.1928,73680,5038702.1671
1698624000000,0.6359,0.6566,0.6291,0.6464,29558810,19008975.5640,115319,8860610.8323
1698710400000,0.6465,0.7900,0.6415,0.7717,325740527,241008456.8263,930879,123163236.8093
1698796800000,0.7718,1.2875,0.7575,1.1429,941128676,906475092.4983,3315886,468776250.9799
1698883200000,1.1427,1.2880,0.9793,1.0425,971065925,1086144748.1856,4202888,548416274.5206
1698969600000,1.0427,1.2943,1.0003,1.0531,633157091,702667984.4207,3037609,348821058.2931
1699056000000,1.0531,1.1500,1.0312,1.0816,211408476,227509734.5748,1052985,111212385.6737
1699142400000,1.0817,1.0841,0.9535,0.9838,177385127,181811654.7085,775703,85788284.4435
1699228800000,0.9839,1.0245,0.9748,1.0126,116023574,115956364.1210,549684,56240562.5630
1699315200000,1.0126,1.0136,0.9222,0.9586,150477721,146694883.0496,651509,70410574.8263
1699401600000,0.9587,1.1009,0.9432,1.0067,153687772,155596960.8279,618904,75950395.4628
1699488000000,1.0067,1.0399,0.7922,0.9178,209717194,201079019.6238,789239,95264866.0098
1699574400000,0.9177,1.0077,0.9063,1.0036,122961550,116889297.2277,535448,56761985.5417
1699660800000,1.0034,1.0509,0.9520,1.0077,158993675,160049253.0524,675310,75150501.4295
1699747200000,1.0077,1.1022,0.9432,1.0901,106436556,107761062.5399,474723,52651271.6180
1699833600000,1.0899,1.1200,0.9580,0.9678,133897194,137581569.5680,615212,64846479.1989
1699920000000,0.9679,0.9799,0.8492,0.9328,102310498,96647677.5739,427082,44753902.1376
1700006400000,0.9328,1.0429,0.9298,1.0238,86569685,86716480.9887,399718,41960277.4097
1700092800000,1.0238,1.2195,0.9914,1.2133,276253316,305157062.0826,1207830,150921154.7154
1700179200000,1.2131,1.2228,0.9760,1.0257,259884746,280175659.1765,1009962,133001958.2989
1700265600000,1.0258,1.0297,0.9298,0.9935,102435419,100437967.1771,424028,47580906.1417
1700352000000,0.9935,1.0953,0.9693,1.0936,87775252,89990255.2339,372171,43887384.3173
1700438400000,1.0937,1.1016,1.0413,1.0580,104120578,112010426.2721,496763,54603684.1025
1700524800000,1.0580,1.1200,0.9400,0.9503,156907809,162079001.8276,743821,79356976.1239
1700611200000,0.9503,1.1275,0.9460,1.0882,118811811,122142137.0904,537705,60451798.2616
1700697600000,1.0885,1.2878,1.0740,1.2429,238173517,284886110.0732,1153774,142772073.9686
1700784000000,1.2430,1.2893,1.1741,1.2080,169915973,207434158.8284,849962,102966128.2549
1700870400000,1.2079,1.3817,1.1865,1.2133,173922856,220021947.4274,993797,108452116.5280
1700956800000,1.2132,1.2715,1.1500,1.1894,98461076,119130629.8388,594376,56753541.8339
1701043200000,1.1894,1.2300,1.1222,1.2251,89888948,105147096.4333,534076,51700196.9556
1701129600000,1.2253,1.2855,1.1802,1.2360,128329564,159044997.4210,778393,77874672.8710
1701216000000,1.2360,1.2750,1.1751,1.1978,68476320,83616737.9002,415048,40377059.4424
1701302400000,1.1977,1.2844,1.1768,1.2772,93976691,115904707.6306,566148,58601661.6897
1701388800000,1.2772,1.3170,1.2243,1.2360,78244050,99073611.6617,489848,47889134.0451
1701475200000,1.2359,1.3441,1.2303,1.2684,86089408,109870028.8941,494134,54122049.6378
1701561600000,1.2684,1.3233,1.2100,1.3155,79350338,100276873.8362,514056,48528411.9804
1701648000000,1.3155,1.4458,1.2200,1.4117,183343248,248642312.4771,1211423,122550012.2649
1701734400000,1.4117,1.5049,1.3222,1.3678,90961426,125811831.0073,628790,60113632.0294
1701820800000,1.3679,1.4293,1.2864,1.2969,79706781,108462646.2883,551745,51197300.7450
1701907200000,1.2970,1.3424,1.2508,1.3185,57873289,75076327.3688,388663,36199991.5694
1701993600000,1.3183,1.3607,1.2736,1.3230,63441988,83829132.2313,403381,40711559.8231
1702080000000,1.3230,1.3758,1.2954,1.3015,58779509,78522961.9870,360337,37119908.2643
1702166400000,1.3015,1.3636,1.2878,1.3490,56870693,75695693.2866,383674,37078906.1768
1702252800000,1.3490,1.3568,1.1196,1.2083,81333805,99852679.8504,502656,47542679.0418
1702339200000,1.2083,1.2433,1.1773,1.2081,39868203,48282313.6350,250660,23425365.7468
1702425600000,1.2081,1.2220,1.1440,1.2083,42570656,50280392.4791,267902,24461374.7569
1702512000000,1.2085,1.2311,1.1155,1.1906,79592115,94166056.1767,420155,45847820.9287
1702598400000,1.1906,1.1923,1.1252,1.1320,32829204,38085263.2845,223293,18206290.3784
1702684800000,1.1321,1.2047,1.1221,1.1896,35778156,42346647.8946,237774,20492741.0596
1702771200000,1.1895,1.2072,1.1538,1.1648,35420390,41861776.8780,229515,19926040.2240
1702857600000,1.1646,1.1758,1.0636,1.1295,49738724,55371878.2604,281422,26815619.8424
1702944000000,1.1293,1.1479,1.0921,1.1118,32443731,36513218.2152,201816,17417184.9407
1703030400000,1.1116,1.1596,1.0987,1.1149,40221329,45398079.0427,213370,22096660.1603
1703116800000,1.1149,1.1919,1.1006,1.1836,41895988,47583771.1979,216690,23239047.6338
1703203200000,1.1836,1.2271,1.1680,1.2099,50721755,60882356.0729,296830,29373060.0083
1703289600000,1.2099,1.2237,1.1573,1.2220,29314902,34933675.1626,195723,16517843.6062
1703376000000,1.2219,1.2763,1.1685,1.2070,58848122,72572551.1179,378812,34267376.9211
1703462400000,1.2069,1.2750,1.1976,1.2509,41216015,51085404.7187,284636,23677543.9855
1703548800000,1.2510,1.3165,1.1721,1.2628,102490766,128517572.6781,660187,61382655.9107
1703635200000,1.2628,1.2850,1.2031,1.2459,50130927,62518878.7182,372057,29978981.4803
1703721600000,1.2460,1.3390,1.2452,1.3108,82497077,106694302.5794,679647,51939834.0371
1703808000000,1.3109,1.3367,1.2537,1.2775,64858033,84196471.1005,540208,40611441.1583
1703894400000,1.2776,1.4123,1.2710,1.3829,75935951,101753656.2826,626830,50841327.0116
1703980800000,1.3829,1.3869,1.2081,1.2533,53904146,70718858.4421,443698,32266220.3374
1704067200000,1.2532,1.3924,1.2268,1.3760,47294964,62285146.2181,409617,28975311.4198
1704153600000,1.3760,1.3870,1.2761,1.2872,41052142,54523336.3225,336896,26210615.8522
1704240000000,1.2872,1.3239,0.9184,1.1339,70796820,82767613.9190,505770,38011981.9352
1704326400000,1.1338,1.1731,1.1129,1.1405,28680533,32970271.9548,238778,15947874.4103
1704412800000,1.1413,1.1597,1.0473,1.0997,36590753,40116514.6316,281897,19389068.0462
1704499200000,1.0996,1.0996,1.0253,1.0670,24775910,26389267.9291,195478,12790629.3856
1704585600000,1.0672,1.0901,1.0085,1.0198,22226894,23560093.9930,180558,11344275.5020
1704672000000,1.0199,1.1051,0.9412,1.0992,36278100,37148107.2745,280465,17924216.5062
1704758400000,1.0989,1.1097,1.0100,1.0805,35894448,38057147.0814,293615,18246973.0662
1704844800000,1.0803,1.1969,1.0575,1.1714,41487619,46084179.2466,336361,22209511.8310
1704931200000,1.1715,1.2318,1.1395,1.1732,39867465,47064445.9864,307576,23234496.7505
1705017600000,1.1733,1.2156,1.0703,1.1154,35996111,41403585.0623,310660,19793706.6357
1705104000000,1.1156,1.1210,1.0721,1.1056,15328078,16892192.5964,137186,8124630.4864
1705190400000,1.1055,1.1197,1.0646,1.0687,15303458,16760385.6527,128310,8187296.1104
1705276800000,1.0687,1.1168,1.0641,1.0819,22509221,24512286.0102,176686,11902245.7597
1705363200000,1.0821,1.1289,1.0719,1.1084,19158404,21096068.8686,145169,10308717.1971
1705449600000,1.1083,1.1203,1.0823,1.1065,13101677,14429256.5522,119153,6733492.8963
1705536000000,1.1066,1.1359,1.0090,1.0348,31177520,33693884.5556,228695,16256789.0768
1705622400000,1.0348,1.0750,1.0000,1.0747,23970303,24859390.3389,186356,12363982.2384
1705708800000,1.0746,1.1809,1.0564,1.1552,40855276,45638133.2520,275811,22345673.9340
1705795200000,1.1553,1.2093,1.1401,1.1598,40677908,47460343.5807,303444,23471092.8394
1705881600000,1.1600,1.1811,1.0439,1.0782,33829850,37206066.7635,254684,17986851.0066
1705968000000,1.0783,1.1095,1.0013,1.0578,30434448,31837475.4608,222599,15020795.3284
1706054400000,1.0576,1.0856,1.0455,1.0689,14786675,15730761.2904,116368,7719610.9585
1706140800000,1.0687,1.0894,1.0438,1.0894,16936990,18153283.1272,124931,8846608.6581
1706227200000,1.0892,1.1070,1.0778,1.0992,14746463,16114538.5453,107479,7802266.7297
1706313600000,1.0992,1.1186,1.0880,1.1154,10182696,11228590.8391,82459,5495520.6911
1706400000000,1.1155,1.1411,1.0788,1.0916,12237813,13535201.8037,99316,6475250.9801
1706486400000,1.0918,1.1359,1.0835,1.1260,12916475,14333938.6882,101082,6836450.5994
1706572800000,1.1261,1.1412,1.0965,1.1060,13934787,15669297.9294,110965,7428181.7898
1706659200000,1.1059,1.1095,1.0462,1.0550,14917672,16115187.1479,116101,7670305.5040
1706745600000,1.0550,1.0686,1.0383,1.0606,13506124,14271069.4713,97660,6950950.7121
1706832000000,1.0606,1.1109,1.0595,1.1094,13440152,14578468.4600,101632,7108682.2769
1706918400000,1.1092,1.1216,1.0865,1.1032,9157647,10071118.5464,79282,4994695.9287
1707004800000,1.1034,1.1050,1.0474,1.0507,12451049,13314909.2376,93093,6409363.6205
1707091200000,1.0505,1.0739,1.0304,1.0643,12145470,12834594.0492,90748,6244099.2429
1707177600000,1.0646,1.0750,1.0489,1.0690,8532632,9076277.7883,62659,4420105.9629
1707264000000,1.0689,1.1091,1.0608,1.1059,9200498,9954681.7843,65945,4948116.1886
1707350400000,1.1062,1.1179,1.0879,1.1054,10122353,11153098.4394,64875,5190841.3833
1707436800000,1.1053,1.1867,1.1045,1.1432,32437530,37064388.8353,182647,18686504.8446
1707523200000,1.1431,1.1745,1.1322,1.1421,18394851,21134595.3828,111837,10112462.5908
1707609600000,1.1422,1.1593,1.1196,1.1263,12214073,13962187.0652,85672,6338773.3889
1707696000000,1.1264,1.1876,1.1060,1.1816,21093925,24233839.1951,143649,11753017.1495
1707782400000,1.1817,1.2160,1.1389,1.1856,31416849,37224689.1484,214939,17720952.1666
1707868800000,1.1855,1.2382,1.1696,1.2096,24456208,29471778.3053,168045,14636178.9023
1707955200000,1.2095,1.3210,1.1917,1.3117,43392914,53637952.2903,288596,26477431.2029
1708041600000,1.3117,1.3505,1.2415,1.2705,52020514,67149913.3478,382281,31966613.9698
1708128000000,1.2705,1.2850,1.1901,1.2433,25642411,31694563.8366,197764,14870875.9906
1708214400000,1.2432,1.2808,1.2389,1.2619,16859170,21266715.9230,150493,10772905.9491
1708300800000,1.2619,1.3189,1.2347,1.3015,34985150,44589276.6442,261385,21119441.0632
1708387200000,1.3016,1.3438,1.1800,1.3070,55227118,71276542.2086,466867,34058151.6602
1708473600000,1.3071,1.3195,1.2099,1.2593,25510701,31900798.0013,231286,15208808.1687
1708560000000,1.2593,1.4852,1.2200,1.3005,81056629,109747830.3803,630410,53647193.4147
1708646400000,1.3004,1.5600,1.2589,1.4783,168262157,241797360.7414,1335698,117470589.8912
1708732800000,1.4784,1.8757,1.4681,1.6725,320378350,545653082.0721,2468793,268981544.6683
1708819200000,1.6730,1.6800,1.5670,1.6150,81015371,130905960.3847,653943,63983048.9780
1708905600000,1.6146,1.6926,1.5271,1.5698,71786263,114101264.7949,609127,56589829.8564
1708992000000,1.5697,1.6150,1.5013,1.5403,54126236,83887455.7608,477888,39482574.6357
1709078400000,1.5402,1.5884,1.2987,1.4933,86372298,129786824.7360,751533,60400051.3822
1709164800000,1.4934,1.6474,1.4699,1.5266,63477113,98846930.4414,639536,47349766.5183
1709251200000,1.5268,1.6176,1.5025,1.6056,35166648,54724688.4453,372631,26989004.5537
1709337600000,1.6058,1.7447,1.5606,1.7355,56010395,91897648.7734,535413,44107885.5978
1709424000000,1.7355,1.8064,1.5250,1.7621,53215927,91322226.2959,587940,43322839.8089
1709510400000,1.7622,1.8256,1.6110,1.6994,52499303,90617982.9297,587530,43567040.0468
1709596800000,1.6993,1.8690,1.4000,1.7075,84478601,145387905.3802,991836,69115483.0267
1709683200000,1.7077,2.1537,1.6114,1.9010,110982787,213290213.3488,1312984,104579334.4977
1709769600000,1.9010,2.0236,1.8240,2.0036,40968732,78676061.4064,570540,37149219.5111
1709856000000,2.0040,2.0398,1.8262,1.9594,38529604,75639646.2892,528347,37029118.1227
1709942400000,1.9594,2.0165,1.9204,1.9553,21147862,41446951.8747,295690,20242246.5301
1710028800000,1.9549,2.1480,1.9360,2.0088,49152190,100111411.7128,638677,48054722.9497
1710115200000,2.0094,2.0889,1.8555,2.0799,34718853,69290768.2945,507539,33651527.7704
1710201600000,2.0800,2.0865,1.8565,2.0623,38745868,77379976.3245,540047,37834799.2463
1710288000000,2.0622,2.1493,1.9236,2.0672,39652142,80505410.3558,509879,39525271.5070
1710374400000,2.0672,2.1041,1.9072,2.0364,42157408,83825954.1566,594254,39476898.2197
1710460800000,2.0366,2.0870,1.7711,1.9635,63670437,123252696.8437,879621,59476729.0186
1710547200000,1.9636,2.0465,1.7230,1.7648,61244094,114943215.7123,760718,57023057.5808
1710633600000,1.7648,1.8388,1.6765,1.7899,35976556,63954684.2296,437388,29225553.6567
1710720000000,1.7900,1.7905,1.6064,1.6718,35997249,60824469.9818,464395,29157811.6803
1710806400000,1.6717,1.7101,1.5005,1.5478,45801700,72851430.3175,595106,35293469.6997
1710892800000,1.5477,1.7682,1.5004,1.7510,35889319,58324689.0758,464628,29314243.7006
1710979200000,1.7508,1.7688,1.6852,1.7262,20833664,36002222.9462,269236,17592261.1328
1711065600000,1.7261,1.7457,1.6225,1.7001,23488509,39617026.8490,308154,20064699.2274
1711152000000,1.7001,1.7196,1.6622,1.6691,16373869,27744433.4248,220636,13284735.6649
1711238400000,1.6690,1.7163,1.6474,1.7099,12013933,20204464.5232,175013,9895591.2627
1711324800000,1.7100,1.7900,1.6919,1.7726,15759223,27369882.3946,213746,13613086.2104
1711411200000,1.7727,1.8320,1.7583,1.8113,19437736,34946734.9858,266921,17578992.1163
1711497600000,1.8113,1.8252,1.7068,1.7801,19241796,34078095.0284,262677,16531750.8161
1711584000000,1.7803,1.8498,1.7226,1.8263,18069158,32272962.3593,236373,15595171.1111
1711670400000,1.8263,1.8908,1.8126,1.8773,20401360,37819385.4122,267820,18507497.9957
1711756800000,1.8772,1.9236,1.8154,1.8306,12796632,23935953.9531,182507,11348326.4136
1711843200000,1.8306,1.9281,1.8239,1.8926,9974879,18887110.9301,163377,9133782.0127
1711929600000,1.8926,1.9019,1.7625,1.8140,18517357,33583996.8657,289385,16098148.4993
1712016000000,1.8140,1.8151,1.6200,1.6361,21911524,36746727.2872,304262,17716901.2261
1712102400000,1.6361,1.6579,1.5597,1.5795,15360997,24869012.5216,206962,11877898.4094
1712188800000,1.5795,1.6262,1.5180,1.5788,16991436,26727315.9753,205581,13249974.9974
1712275200000,1.5788,1.5790,1.4810,1.5560,19465033,29859259.7871,220028,14804421.0539
1712361600000,1.5559,1.5987,1.5528,1.5806,7231463,11393748.6316,98158,5621695.2006
1712448000000,1.5806,1.6083,1.5737,1.6047,10553577,16824268.8357,126119,8082197.5118
1712534400000,1.6048,1.7059,1.5782,1.7014,14540086,23985184.7394,167398,11225075.4919
1712620800000,1.7014,1.7128,1.5820,1.5908,18384518,30186377.4053,195613,14578854.1388
1712707200000,1.5906,1.5970,1.4874,1.5240,19472398,29797187.0780,205581,14199800.5895
1712793600000,1.5240,1.5307,1.4048,1.4087,25244056,37132483.0146,257019,17658238.8101
1712880000000,1.4088,1.4154,0.9895,1.1036,79152350,96818249.6008,622974,44903058.9212
1712966400000,1.1035,1.1299,0.7358,0.9240,101908221,98150640.8663,764938,47224186.8983
1713052800000,0.9241,1.0159,0.8849,1.0027,61689600,59259477.9065,539243,28999764.9764
1713139200000,1.0028,1.0618,0.9394,0.9616,39849049,39880010.3437,374972,19570094.8402
1713225600000,0.9615,0.9872,0.9197,0.9687,31289752,29929499.9847,271011,15245457.1052
1713312000000,0.9685,0.9840,0.9082,0.9458,28083013,26670874.0230,248369,13151300.9886
1713398400000,0.9458,0.9899,0.9202,0.9673,22496258,21690001.6020,232445,10542150.2762
1713484800000,0.9673,0.9721,0.8705,0.9361,40747271,38065017.6023,335819,18963043.4558
1713571200000,0.9364,1.0580,0.9218,1.0515,21450445,21253286.3041,203723,10533564.9883
1713657600000,1.0514,1.0590,1.0086,1.0206,18867365,19519530.4096,170618,9215042.4723
1713744000000,1.0206,1.0637,1.0143,1.0493,15933812,16578532.5738,157531,8000903.6660
1713830400000,1.0494,1.0644,1.0165,1.0251,14536785,15076445.9926,146283,7401101.1739
1713916800000,1.0250,1.0770,0.9802,0.9940,31183524,32110340.7279,254148,15719403.3038
1714003200000,0.9942,1.0592,0.9578,1.0275,27776516,28044377.7638,228057,13721437.1200
1714089600000,1.0275,1.0426,1.0002,1.0132,27405086,27979326.5033,222899,13804444.5971
1714176000000,1.0133,1.0374,0.9618,1.0250,26501335,26784720.3133,212711,13081127.3050
1714262400000,1.0250,1.0633,1.0205,1.0296,16031069,16742585.2923,142155,8121568.3572
1714348800000,1.0295,1.0511,0.9880,1.0157,23395279,23827794.8605,198138,11636647.7459
1714435200000,1.0159,1.0328,0.9180,0.9513,27304049,26149138.2989,237574,12704837.2169
1714521600000,0.9513,0.9878,0.8980,0.9808,39523650,37474819.5609,320741,18419416.8268
1714608000000,0.9808,1.0377,0.9528,1.0197,18511282,18436952.8180,164057,9188437.9270
1714694400000,1.0198,1.0893,0.9990,1.0731,17616794,18486851.5369,163343,9179174.5128
1714780800000,1.0732,1.0768,1.0470,1.0551,12548213,13328403.9333,113409,6533032.9115
1714867200000,1.0550,1.0910,1.0315,1.0682,24143129,25652530.1640,153797,12925028.2635
1714953600000,1.0683,1.0950,1.0247,1.0282,23589012,25047226.5018,170041,12157345.3019
1715040000000,1.0283,1.0459,0.9947,1.0083,19037706,19417048.9618,167867,9417182.7939
1715126400000,1.0082,1.0613,0.9964,1.0402,28195389,28856654.3517,225257,14207296.9991
1715212800000,1.0398,1.1407,1.0152,1.1403,30344199,32743841.1406,226520,16841037.9916
1715299200000,1.1401,1.1896,1.0475,1.0594,57749952,65103562.6310,393458,31415072.5885
1715385600000,1.0594,1.0761,1.0319,1.0363,17862379,18811455.1698,148753,8869101.6808
1715472000000,1.0363,1.1279,1.0261,1.0720,26367756,28389353.2379,192685,14218796.0804
1715558400000,1.0720,1.0947,1.0219,1.0448,31764530,33753102.2869,225909,16184826.9008
1715644800000,1.0449,1.0581,0.9885,0.9953,22276674,22796324.7435,153024,10856736.6423
1715731200000,0.9953,1.1440,0.9895,1.1252,27410620,29109366.9339,199889,14197141.4078
1715817600000,1.1251,1.1394,1.0730,1.0985,20317626,22553382.7336,153806,11239230.6737
1715904000000,1.0986,1.1449,1.0830,1.1211,15136943,16861151.7747,123077,8161145.7264
1715990400000,1.1210,1.1290,1.0902,1.1042,15111881,16778645.8973,109343,8365340.8442
1716076800000,1.1043,1.1107,1.0420,1.0486,13236227,14189856.0547,111046,6908370.7984
1716163200000,1.0486,1.2041,1.0345,1.2041,28031769,31088529.7289,226339,15317334.5461
1716249600000,1.2040,1.2386,1.1831,1.2099,25679283,31065140.0385,199641,15181898.3055
1716336000000,1.2097,1.2244,1.1678,1.1967,15390146,18445654.8739,144498,8874515.0064
1716422400000,1.1969,1.2699,1.1038,1.1881,38962895,46580615.6829,335030,22590625.4568
1716508800000,1.1881,1.2622,1.1533,1.2193,30418513,36594319.2276,268133,18123659.4579
1716595200000,1.2196,1.3164,1.2135,1.2743,46623532,59035021.3559,335085,29394028.4582
1716681600000,1.2744,1.3137,1.2301,1.2724,22845603,28971460.9430,191365,14492898.6627
1716768000000,1.2725,1.3000,1.2330,1.2551,20350844,25781323.8989,193254,12238192.8625
1716854400000,1.2552,1.2792,1.1859,1.2416,26980048,33164380.8513,242116,16245535.1549
1716940800000,1.2417,1.2655,1.1793,1.1801,22750960,27892950.0162,199978,13621165.6306
1717027200000,1.1805,1.2156,1.1607,1.1731,15977711,18971464.5142,155748,9060564.9886
1717113600000,1.1731,1.1946,1.1403,1.1619,16762112,19564149.6440,151615,9347564.3518
1717200000000,1.1620,1.1859,1.1577,1.1742,7857545,9233315.8116,72121,4602730.1200
1717286400000,1.1742,1.1933,1.1130,1.1191,12869956,14844899.2969,118227,6896531.1227
1717372800000,1.1191,1.1719,1.1100,1.1179,16527475,18946739.7689,148881,9354230.1410
1717459200000,1.1176,1.2187,1.1039,1.1902,29804648,34593148.3841,219954,17583601.8224
1717545600000,1.1902,1.2155,1.1601,1.2123,18880204,22401111.8228,156967,10768556.9915
1717632000000,1.2124,1.2323,1.1556,1.1810,20175930,24124675.1568,150364,11444266.1593
1717718400000,1.1809,1.1915,0.9556,1.0650,32669910,35449471.7142,247406,16687975.0113
1717804800000,1.0650,1.0781,1.0203,1.0310,17279186,18085223.6650,131213,8539731.0733
1717891200000,1.0309,1.0516,1.0203,1.0407,9994899,10386806.1155,77587,4954283.2186
1717977600000,1.0410,1.0629,1.0179,1.0301,15087884,15677556.0829,120373,7865160.1965
1718064000000,1.0302,1.0356,0.9315,0.9519,24170591,23718224.0821,180638,11155673.8296
1718150400000,0.9519,1.0344,0.9339,1.0001,17217546,17099753.6301,149875,8665206.2916
1718236800000,1.0001,1.0060,0.9509,0.9612,14728645,14351773.4709,122156,6976246.7872
1718323200000,0.9612,1.0021,0.8976,0.9222,26861018,25563483.0343,195490,12554595.3790
1718409600000,0.9222,0.9705,0.9207,0.9596,13118762,12394917.2486,106021,6334768.5354
1718496000000,0.9595,0.9596,0.9360,0.9460,9683533,9183477.4661,82769,4401948.8920
1718582400000,0.9459,0.9493,0.8403,0.8855,24750148,22304064.9998,188864,10905005.5039
1718668800000,0.8855,0.8876,0.7600,0.8098,32533323,26161261.6745,240848,12630924.2810
1718755200000,0.8097,0.8445,0.7988,0.8319,13890301,11527312.3790,107466,5813710.7108
1718841600000,0.8318,0.8682,0.8092,0.8196,13730262,11468364.3842,109270,5651638.0488
1718928000000,0.8197,0.8306,0.7987,0.8077,13087331,10673339.8105,97304,5172239.8049
1719014400000,0.8078,0.8152,0.7927,0.8030,8157595,6561166.5733,60061,3148790.3935
1719100800000,0.8031,0.8187,0.7795,0.7863,7916179,6346115.2236,66718,3025103.6209
1719187200000,0.7861,0.8197,0.7400,0.8167,20757777,16309732.7684,165710,8009566.4428
1719273600000,0.8167,0.8489,0.8092,0.8417,10514046,8729861.6558,79909,4478046.7574
1719360000000,0.8417,0.8514,0.8137,0.8288,10240961,8536578.9759,79015,4174356.2641
1719446400000,0.8290,0.8540,0.8128,0.8526,9243957,7709300.3347,74422,3792431.6346
1719532800000,0.8525,0.8645,0.8268,0.8287,9394270,7968411.3911,79614,3895412.5174
1719619200000,0.8288,0.8367,0.8010,0.8026,6765495,5555160.6067,57927,2600631.6887
1719705600000,0.8023,0.8444,0.7964,0.8381,8233881,6738856.6145,73632,3470686.9243
1719792000000,0.8382,0.8573,0.8211,0.8279,9220868,7741178.7836,79767,3813615.6760
1719878400000,0.8278,0.8561,0.8193,0.8388,9551217,7979378.5365,80013,3770144.4950
1719964800000,0.8390,0.8439,0.7857,0.7985,11630869,9428037.2845,93037,4583567.7435
1720051200000,0.7989,0.8057,0.6363,0.6440,84696216,57497122.3558,327798,29007791.1334
1720137600000,0.6443,0.6606,0.5678,0.6519,77243983,47638160.6278,355457,23101765.7614
1720224000000,0.6518,0.7039,0.6406,0.6954,21186094,14250111.6059,134365,7259660.0727
1720310400000,0.6952,0.6953,0.6327,0.6369,18009360,11988562.3859,122146,5781103.4251
1720396800000,0.6373,0.6819,0.6088,0.6605,29728203,19206566.1573,182073,9506066.1777
1720483200000,0.6605,0.6933,0.6540,0.6916,12908636,8719115.0104,89668,4244360.7544
1720569600000,0.6916,0.7036,0.6779,0.6942,11063020,7644307.2116,72304,3816887.1158
1720656000000,0.6940,0.7163,0.6701,0.6725,12192971,8461371.3062,89392,4041164.5382
1720742400000,0.6727,0.6975,0.6662,0.6927,9708172,6623832.5666,76005,3416345.2364
1720828800000,0.6927,0.7011,0.6724,0.6835,11391084,7848110.1334,83900,4033094.0061
1720915200000,0.6835,0.7364,0.6835,0.7281,10607745,7477552.2693,84060,3698372.3112
1721001600000,0.7280,0.7545,0.7113,0.7504,24641775,18076081.1986,154897,9519926.9360
1721088000000,0.7505,0.7624,0.7067,0.7352,27496850,20256971.9504,174617,9981884.3862
1721174400000,0.7351,0.7529,0.7166,0.7241,19816049,14657652.8933,112891,6756016.1280
1721260800000,0.7240,0.7515,0.6938,0.7114,20864832,15146262.7258,108793,7047406.3849
1721347200000,0.7115,0.7496,0.6969,0.7462,12211035,8826553.4936,84934,4321988.0846
1721433600000,0.7462,0.7553,0.7357,0.7445,9206696,6869667.9987,62745,3361738.6196
1721520000000,0.7445,0.7595,0.7015,0.7580,17820584,13107114.3066,111438,6300684.1304
1721606400000,0.7581,0.7623,0.7157,0.7189,12466267,9179586.8321,88462,4283658.8902
1721692800000,0.7188,0.7371,0.6866,0.6975,20673414,14717242.1488,133423,7007622.2251
1721779200000,0.6972,0.7100,0.6801,0.6869,16180180,11282749.2611,97901,5744104.0937
1721865600000,0.6868,0.6907,0.6510,0.6809,23873365,15959479.0528,132066,7810321.6486
1721952000000,0.6808,0.7169,0.6786,0.7160,10946620,7682477.8170,72308,3853595.1831
1722038400000,0.7159,0.7279,0.6979,0.7169,10664372,7612327.4117,65933,3737169.2845
1722124800000,0.7169,0.7179,0.6886,0.6957,7683837,5403899.8900,47553,2618435.4614
1722211200000,0.6957,0.7318,0.6951,0.7000,13603164,9723806.0652,93334,4664993.0591
1722297600000,0.7000,0.7117,0.6744,0.6880,11866059,8278185.9016,79636,3924484.0929
1722384000000,0.6879,0.7006,0.6608,0.6675,20371116,13970157.2901,112120,6922059.7478
1722470400000,0.6674,0.6731,0.6023,0.6460,31696281,20224668.5355,151199,9950698.4617
1722556800000,0.6460,0.6536,0.5971,0.6124,25671741,16026592.8076,152830,7931529.7773
1722643200000,0.6126,0.6208,0.5775,0.5884,21336811,12760607.5892,127242,6173865.9839
1722729600000,0.5884,0.6030,0.5458,0.5524,23049554,13221983.3425,131550,6366015.8197
1722816000000,0.5524,0.5586,0.4451,0.4990,121088420,59414582.6392,450307,29351991.3054
1722902400000,0.4991,0.5449,0.4983,0.5311,32725015,17298483.9969,145853,8605972.9889
1722988800000,0.5311,0.5549,0.5155,0.5238,28466793,15199306.5953,130234,7402991.6773
1723075200000,0.5238,0.5917,0.5153,0.5891,25414951,14163196.3106,113319,7145713.1559
1723161600000,0.5890,0.5909,0.5702,0.5866,14265391,8293898.0184,71274,3970890.0541
1723248000000,0.5866,0.6075,0.5757,0.5998,9778324,5784601.7897,56489,2901685.6783
1723334400000,0.5998,0.6138,0.5703,0.5742,12900364,7641086.8658,64265,3644335.4291
1723420800000,0.5741,0.6107,0.5691,0.5987,24327438,14387274.9430,99111,7051459.2553
1723507200000,0.5986,0.6018,0.5749,0.5934,19843628,11665470.4922,94249,5828743.0323
1723593600000,0.5933,0.6096,0.5859,0.5918,18125272,10799632.2350,81495,5167736.2316
1723680000000,0.5918,0.5971,0.5521,0.5618,21088805,12149858.5337,90623,5840423.0572
1723766400000,0.5619,0.5757,0.5544,0.5657,15451742,8732752.0021,65475,4348028.3840
1723852800000,0.5656,0.5694,0.5564,0.5688,12141839,6820807.6998,51557,3455993.2009
1723939200000,0.5687,0.5725,0.5502,0.5587,14895872,8389451.3056,63811,4016030.9582
1724025600000,0.5586,0.5726,0.5526,0.5695,12899895,7242581.6218,66496,3501309.2600
1724112000000,0.5696,0.5959,0.5696,0.5852,17125372,10000432.3855,92376,4631214.6849
1724198400000,0.5853,0.6299,0.5764,0.6161,23341628,14018629.4960,98704,6983274.4759
1724284800000,0.6161,0.6236,0.6012,0.6210,12835843,7899919.3251,60367,3848022.6994
1724371200000,0.6211,0.6743,0.6188,0.6681,22977263,14818974.6029,116976,7447002.4344
1724457600000,0.6682,0.6810,0.6589,0.6712,13136200,8818922.1053,74945,4171922.8605
1724544000000,0.6712,0.6768,0.6441,0.6625,14184170,9383258.5403,76839,4451512.8446
1724630400000,0.6626,0.6669,0.6151,0.6156,23163130,14824588.4849,106180,7186561.6691
1724716800000,0.6155,0.6428,0.5753,0.5877,21801236,13373029.0051,119145,6487612.0242
1724803200000,0.5877,0.6056,0.5604,0.5747,23511800,13712958.4315,122315,6785251.9847
1724889600000,0.5747,0.6004,0.5651,0.5739,12566308,7305838.8785,83171,3579611.7028
1724976000000,0.5739,0.5869,0.5449,0.5672,17648838,10010216.5842,83394,4842264.5317
1725062400000,0.5673,0.5723,0.5541,0.5569,7478264,4204490.0230,39622,2021364.3789
1725148800000,0.5570,0.5610,0.5268,0.5320,11127579,6089597.6603,65248,2874011.4297
1725235200000,0.5321,0.5813,0.5303,0.5730,25009129,14000295.1589,101736,7224618.6294
1725321600000,0.5728,0.5850,0.5478,0.5500,17138909,9746311.6452,76132,4622322.7877
1725408000000,0.5499,0.6046,0.5254,0.5962,33869497,19417936.1665,125816,9642150.5211
1725494400000,0.5962,0.6043,0.5669,0.5736,21997203,12889038.8041,92160,6337858.2398
1725580800000,0.5737,0.5894,0.5354,0.5586,29188137,16483831.9345,123175,8159707.1537
1725667200000,0.5585,0.5735,0.5521,0.5611,10579506,5969749.6129,49198,3047261.0234
1725753600000,0.5611,0.5778,0.5521,0.5697,12944127,7301305.2742,59441,3601254.0142
1725840000000,0.5698,0.6376,0.5658,0.6315,51711280,31498697.9082,174567,15479367.7322
1725926400000,0.6318,0.6321,0.6155,0.6242,20232558,12605671.4831,75453,6394052.7986
1726012800000,0.6243,0.6286,0.5931,0.6178,27842912,17028649.6602,97276,8301260.8026
1726099200000,0.6179,0.6632,0.6138,0.6613,32085814,20554511.4097,126046,10217791.7000
1726185600000,0.6613,0.6661,0.6387,0.6512,24060330,15706282.2849,90124,7697257.3493
1726272000000,0.6512,0.6567,0.6416,0.6503,16012797,10388242.4968,67771,5026547.3706
1726358400000,0.6502,0.6624,0.6138,0.6217,17792244,11355652.9708,74470,5513571.0816
1726444800000,0.6216,0.6254,0.5950,0.5985,22565741,13744513.7181,81194,6848445.4419
1726531200000,0.5984,0.6324,0.5950,0.6120,23467060,14368196.5353,75850,7057591.2190
1726617600000,0.6120,0.6483,0.5907,0.6481,25619398,15776270.9247,93082,7356420.7155
1726704000000,0.6481,0.6778,0.6477,0.6685,21622315,14356897.9955,92927,7291086.0974
1726790400000,0.6685,0.7000,0.6628,0.6923,23507253,16061918.5207,98069,8083520.9353
1726876800000,0.6922,0.7007,0.6778,0.6961,11058367,7635602.5797,55955,3864309.2806
1726963200000,0.6961,0.6998,0.6611,0.6830,14144697,9644746.8354,67844,4571770.3574
1727049600000,0.6830,0.7065,0.6696,0.7034,19462565,13557851.1254,90624,6592137.8792
1727136000000,0.7034,0.7256,0.6920,0.7222,17261607,12256158.9682,83502,5715516.0534
1727222400000,0.7222,0.7310,0.6987,0.7030,15690671,11157894.2629,78326,5372297.5955
1727308800000,0.7030,0.7549,0.6948,0.7444,20692099,15096949.5110,105125,7705202.9917
1727395200000,0.7443,0.8206,0.7396,0.8186,27824818,21645956.9772,135278,10512333.6080
1727481600000,0.8186,0.9220,0.8182,0.9124,287278127,254830943.2037,891999,130375185.3326
1727568000000,0.9124,0.9299,0.8606,0.8634,121192980,108427149.1143,484469,55549226.3614
1727654400000,0.8633,0.8665,0.7927,0.8013,52850172,44104313.6860,267554,21367591.9482
1727740800000,0.8014,0.8210,0.6993,0.7083,60267213,45633257.9297,284899,21917520.5110
1727827200000,0.7083,0.7387,0.6897,0.7008,37613740,26907647.5982,193322,13045556.3960
1727913600000,0.7009,0.7124,0.6733,0.7000,33484236,23238835.8711,167147,11541948.8155
1728000000000,0.7001,0.7487,0.6986,0.7371,35217468,25791869.3985,170071,12538943.9765
1728086400000,0.7371,0.7526,0.7271,0.7438,16315077,12091220.1790,99426,5725378.7086
1728172800000,0.7440,0.7613,0.7348,0.7559,17288565,12922340.7886,95694,6317974.2888
1728259200000,0.7558,0.7806,0.7335,0.7430,27924361,21111608.1753,152966,10123758.0776
1728345600000,0.7430,0.7544,0.7209,0.7381,18254374,13476722.6202,99678,6429939.2034
1728432000000,0.7380,0.7490,0.7068,0.7182,12210833,8914458.5566,86908,4323162.4090
1728518400000,0.7180,0.7774,0.7112,0.7773,42922868,32279815.3881,198469,15802808.0120
1728604800000,0.7773,0.7804,0.7433,0.7781,26286934,20017358.2570,146367,9545576.1035
1728691200000,0.7783,0.7837,0.7472,0.7670,22405942,17081559.9650,126886,8374305.5849
1728777600000,0.7671,0.7742,0.7241,0.7380,17185971,12829662.9853,107902,5897082.3878
1728864000000,0.7381,0.7969,0.7324,0.7872,21305052,16469050.5941,126735,7902897.0259
1728950400000,0.7873,0.7897,0.7292,0.7591,29999410,22861115.3872,166413,11196042.8475
1729036800000,0.7592,0.7665,0.7260,0.7280,16588278,12352868.5681,106655,5664350.3190
1729123200000,0.7281,0.7308,0.6686,0.6861,33316902,23258434.7424,154679,11034465.5009
1729209600000,0.6861,0.7199,0.6827,0.7195,17227969,12130602.4723,95657,5990674.2059
1729296000000,0.7196,0.7335,0.6927,0.7065,15008667,10696027.6853,87330,5121147.2058
1729382400000,0.7065,0.8517,0.6947,0.8234,120147857,96310861.3072,486689,46821057.3542
1729468800000,0.8236,0.8392,0.7554,0.7631,68481788,54064858.2833,287794,25172839.1056
1729555200000,0.7631,0.7814,0.7378,0.7486,36128322,27475357.0237,178622,12817793.4647
1729641600000,0.7487,0.7512,0.6914,0.7113,24748833,17748868.2316,143889,8254345.4273
1729728000000,0.7111,0.7526,0.7083,0.7428,26188815,19295514.7191,142209,9119681.0594
1729814400000,0.7429,0.7532,0.6451,0.6843,30525520,21811982.6660,148165,10300390.7313
1729900800000,0.6843,0.7021,0.6687,0.6832,18045216,12368881.6941,89068,6083865.8766
1729987200000,0.6832,0.7115,0.6794,0.7030,13320755,9203242.1674,72235,4452816.7366
1730073600000,0.7031,0.7117,0.6713,0.7014,19992239,13896904.0574,110221,6820427.1555
1730160000000,0.7014,0.7335,0.6996,0.7247,18208333,13032981.2288,103308,6293116.8876
1730246400000,0.7247,0.7446,0.7100,0.7258,22528231,16383811.0010,117803,8256135.9012
1730332800000,0.7258,0.7294,0.6774,0.6827,14540679,10223886.5092,87959,4651071.7759
1730419200000,0.6827,0.6973,0.6587,0.6724,13536107,9155172.0034,87428,4380637.0703
1730505600000,0.6724,0.6866,0.6488,0.6526,11895879,7927060.8690,66847,3752455.8843
1730592000000,0.6528,0.6581,0.5867,0.6091,23581046,14535677.6379,123380,6786758.0075
1730678400000,0.6093,0.6230,0.5836,0.5934,21391382,12988802.0686,103808,6304713.8926
1730764800000,0.5933,0.6415,0.5930,0.6315,19401192,12059247.7454,96425,6101216.6347
1730851200000,0.6313,0.7545,0.6299,0.7232,73359321,51814146.0270,302279,25353934.7695
1730937600000,0.7231,0.7588,0.6935,0.7323,46759635,34045642.3519,195397,16953192.8322
1731024000000,0.7324,0.7428,0.6977,0.7251,23271498,16724054.5713,129811,8099184.0091
1731110400000,0.7250,0.7702,0.7109,0.7638,23421255,17308575.9872,128444,8528248.8381
1731196800000,0.7639,0.8268,0.7476,0.7929,41033736,32450296.3696,215895,15601389.0935
1731283200000,0.7934,0.8635,0.7760,0.8604,39682943,32230093.5664,213270,15639898.7308
1731369600000,0.8604,0.8884,0.7452,0.7907,62009732,50551561.3810,340931,24405015.5804
1731456000000,0.7908,0.8090,0.7187,0.7620,49492987,37744831.1678,302580,18237905.7482
1731542400000,0.7620,0.7808,0.7035,0.7145,37434793,27669963.4240,255469,13416197.2697
1731628800000,0.7147,0.7581,0.6926,0.7559,25095407,18029858.8597,181492,8728838.0638
1731715200000,0.7560,0.8123,0.7497,0.8010,28640881,22196041.6432,193989,10703932.8448
1731801600000,0.8010,0.8099,0.7284,0.7400,24079139,18503820.9753,175996,8683439.1967
1731888000000,0.7401,0.8200,0.7365,0.8163,29730253,23354701.0413,204427,11433848.2510
1731974400000,0.8163,0.8368,0.7597,0.7816,30497313,24345600.7076,180930,11556706.5367
1732060800000,0.7815,0.7893,0.7203,0.7336,24407976,18439524.8659,145908,8604632.3996
1732147200000,0.7337,0.8031,0.7095,0.7888,41364653,31797853.6944,220106,15805967.8671
1732233600000,0.7890,0.8646,0.7626,0.8636,34444333,27272025.7784,210578,13599392.6974
1732320000000,0.8636,1.2866,0.8365,1.0636,245094782,263984840.0082,1496087,128029118.2519
1732406400000,1.0632,1.1500,0.9957,1.1338,118116080,126751211.3387,660207,61189375.1301
1732492800000,1.1343,1.1900,1.0511,1.0798,78869166,88466448.6628,513641,42954049.4202
1732579200000,1.0796,1.1189,0.9731,1.0380,49173351,51001417.1592,367539,24899517.5542
1732665600000,1.0380,1.2396,1.0121,1.2099,57300569,65052241.4046,425779,32125284.1083
1732752000000,1.2099,1.2210,1.1399,1.1455,37345326,43757144.9105,302503,20677730.2696
1732838400000,1.1456,1.2101,1.1243,1.1914,21509621,25102179.4101,229645,11981233.4883
1732924800000,1.1913,1.3919,1.1745,1.3371,46273802,58674502.4810,415899,28926380.6372
1733011200000,1.3372,1.3581,1.2703,1.3207,28246924,36950319.1039,276219,17572407.1166
1733097600000,1.3208,1.4548,1.2171,1.4273,69141347,93832456.6638,576071,45962402.0683
1733184000000,1.4274,1.4756,1.3005,1.4590,53478585,75030120.5677,486819,36547386.3693
1733270400000,1.4592,1.5869,1.4086,1.5084,56915144,85013539.4839,543352,41246661.6669
1733356800000,1.5084,1.5314,1.3973,1.4409,40122379,58834877.7873,414533,27986912.3262
1733443200000,1.4410,1.7722,1.4322,1.7109,115905775,188802482.6773,1005540,92733636.4910
1733529600000,1.7106,2.0440,1.6715,1.9395,170083566,321770239.5185,1379293,160120382.9849
1733616000000,1.9393,2.7085,1.9146,2.6669,435293806,1019410790.8439,3764148,515593474.1778
1733702400000,2.6672,2.8188,1.7667,2.0585,368270765,888597350.8405,3072197,433812693.0044
1733788800000,2.0585,2.3216,1.8094,1.9998,192233956,396550997.3837,2131124,194226065.8988
1733875200000,1.9998,2.3167,1.9257,2.3068,141701219,293163926.5363,1779881,146036364.4796
1733961600000,2.3068,2.6777,2.1770,2.2165,161724977,386626572.6692,2089766,187678714.3682
1734048000000,2.2166,2.2764,2.1349,2.1965,75619794,165676596.8714,1067058,80118707.7938
1734134400000,2.1960,2.2973,2.0578,2.0885,73808860,161072794.2778,1050607,76355442.6928
1734220800000,2.0883,2.2933,2.0568,2.2554,67615486,146502272.8090,1013735,72478158.6842
1734307200000,2.2562,2.3140,2.0072,2.0347,68996128,146007080.4672,1045415,70946365.4400
1734393600000,2.0348,2.0426,1.9115,1.9506,54147321,107148750.8325,814597,52874584.3081
1734480000000,1.9506,1.9745,1.6251,1.7062,69485167,126974242.5343,1051284,60949126.2949
1734566400000,1.7063,1.7448,1.4729,1.4917,87309238,140171506.9018,1163522,68272165.8064
1734652800000,1.4916,1.6019,1.2640,1.5778,87674780,124633641.3703,1155868,61939596.7998
1734739200000,1.5777,1.7196,1.4174,1.4422,63747477,98500012.8243,883838,47584902.8760
1734825600000,1.4423,1.4957,1.3840,1.4407,45668110,65932986.2203,541010,32919808.2361
1734912000000,1.4408,1.5915,1.3952,1.5436,45457558,66780142.9130,746238,32942015.6374
1734998400000,1.5437,1.7344,1.4800,1.6523,45964845,73799274.8079,638213,35804533.2145
1735084800000,1.6523,1.6851,1.5612,1.5877,35613919,57453679.3824,490321,27916511.9637
1735171200000,1.5878,1.6122,1.4113,1.4276,35245088,52031421.6822,464711,24182915.2010
1735257600000,1.4278,1.5136,1.3982,1.4154,35288358,51330068.8935,519079,25281439.3836
1735344000000,1.4154,1.5237,1.3913,1.4916,24516046,35452254.3372,358513,17649574.3043
1735430400000,1.4914,1.4997,1.3789,1.3953,32117291,46642289.8841,288218,22119751.7875
1735516800000,1.3955,1.4711,1.3240,1.3663,40039934,55710962.7765,439985,27827482.8864
1735603200000,1.3662,1.4398,1.3166,1.3579,28460631,39153048.8991,427884,18688222.1815
1735689600000,1.3579,1.4251,1.3230,1.4131,39783302,54515600.2472,310340,27049051.9481
1735776000000,1.4131,1.5136,1.4099,1.4634,29913338,43706599.5753,328524,21172611.5871
1735862400000,1.4635,1.8142,1.4170,1.7888,83249001,138920502.2472,878366,67957795.5403
1735948800000,1.7881,1.8998,1.7181,1.8478,120011171,216450562.2928,1017358,109477120.1218
1736035200000,1.8480,1.8530,1.7454,1.7905,44961290,80571060.6797,625070,39896422.3736
1736121600000,1.7905,1.9261,1.7665,1.7952,57077591,104448500.2494,846306,50311273.7912
1736208000000,1.7952,1.8457,1.5611,1.5630,52507937,89027643.7862,654001,42123181.1313
1736294400000,1.5630,1.5911,1.4060,1.5096,49168276,74699808.2692,638475,36153907.4965
1736380800000,1.5096,1.5408,1.4026,1.4469,38201014,56368341.6476,513743,27957751.8710
1736467200000,1.4471,1.5334,1.4316,1.4887,36929837,54651649.2030,481236,27086888.7031
1736553600000,1.4887,1.5195,1.4328,1.4696,22721695,33367622.3493,253804,16350147.4219
1736640000000,1.4696,1.4851,1.4105,1.4402,23163784,33777209.8950,238430,16967011.4911
1736726400000,1.4404,1.4863,1.2683,1.3932,57425825,77205785.0992,463671,36887555.2810
1736812800000,1.3935,1.4621,1.3831,1.4530,29701308,42320081.7176,278873,20851037.6215
1736899200000,1.4531,1.6812,1.4288,1.6683,57019178,88683172.9556,487245,43870954.5248
1736985600000,1.6684,1.6805,1.5670,1.5960,39079818,63312314.4304,387200,30941198.7596
1737072000000,1.5960,1.7533,1.5947,1.7142,36468996,61680289.7131,515872,29904598.6722
1737158400000,1.7142,1.7484,1.4803,1.5210,42386742,66551534.5756,517130,31097818.6428
1737244800000,1.5209,1.5889,1.3184,1.3518,70001906,101262587.5152,815151,48136342.1449
1737331200000,1.3521,1.5335,1.2831,1.3723,83390621,116748602.4763,683318,57660116.5107
1737417600000,1.3722,1.4648,1.2936,1.4087,33837134,46491296.1097,396861,22496760.6524
1737504000000,1.4086,1.4198,1.3323,1.3444,20297911,27856927.1302,318646,13565832.8296
1737590400000,1.3444,1.3743,1.2883,1.3460,27098038,35862128.4577,289261,17462562.6758
1737676800000,1.3462,1.4010,1.2848,1.3141,28090103,37534677.4122,280361,18286391.7280
1737763200000,1.3141,1.3465,1.2905,1.3175,11939625,15782013.2834,161882,7503150.3047
1737849600000,1.3176,1.3577,1.2690,1.2707,15092278,20000434.7139,179422,9315129.5431
1737936000000,1.2707,1.2744,1.1000,1.2419,46440136,54623873.1331,376558,26557228.5727
1738022400000,1.2422,1.2566,1.1382,1.1515,18555076,22430228.8341,201934,10921818.0427
1738108800000,1.1513,1.2565,1.1409,1.2017,21918741,26329226.5469,257788,12902289.3252
1738195200000,1.2019,1.3464,1.1831,1.2688,24145912,30676902.1298,247779,15248228.7321
1738281600000,1.2689,1.3612,1.2210,1.2765,24126946,30995193.4890,272841,14707697.5321
1738368000000,1.2762,1.2938,1.1136,1.1227,19388494,23571689.3718,209143,10392205.8032
1738454400000,1.1228,1.1592,0.8803,0.9537,56587268,57620574.2965,419137,27084196.3107
1738540800000,0.9540,0.9718,0.6734,0.9595,130278317,109272461.7023,685889,53496806.1594
1738627200000,0.9595,0.9693,0.8378,0.8830,54912072,48472546.8358,579960,23940315.3887
1738713600000,0.8831,0.9091,0.8559,0.8744,31032685,27454072.9148,369375,13981734.8588
1738800000000,0.8743,0.8937,0.7930,0.8010,29225130,24512088.3798,339054,12168861.0712
1738886400000,0.8009,0.9017,0.7870,0.8146,28249433,23755180.6273,323944,11797942.4881
1738972800000,0.8146,0.8520,0.7930,0.8442,23652713,19304085.0079,228313,9737558.2315
1739059200000,0.8443,0.8729,0.7902,0.8425,23548477,19850526.6267,239890,9688846.7837
1739145600000,0.8424,0.8894,0.8083,0.8797,24849265,21323860.3695,282425,10637305.5135
1739232000000,0.8797,0.9471,0.8612,0.8825,24908568,22408775.9069,297340,11190806.0253
1739318400000,0.8825,0.9870,0.8453,0.9631,42738502,38744573.0027,426502,19168117.6377
1739404800000,0.9632,0.9875,0.9097,0.9340,20952918,19751436.3837,287441,9583060.6521
1739491200000,0.9341,0.9764,0.9197,0.9327,17465541,16471626.0438,246618,8200083.3380
1739577600000,0.9328,0.9425,0.8712,0.8870,19373228,17534425.3556,204282,8414009.0650
1739664000000,0.8871,0.9329,0.8805,0.8899,15126756,13651405.8053,193385,6540840.9827
1739750400000,0.8900,0.9499,0.8673,0.9086,20253352,18371723.4945,273242,8991424.7428
1739836800000,0.9085,0.9129,0.8137,0.8548,21175691,18124217.0336,277634,8445532.7313
1739923200000,0.8548,0.9008,0.8519,0.8799,21271069,18629011.9824,243230,9271163.9767
1740009600000,0.8800,0.9214,0.8706,0.9163,20737173,18542203.4560,234356,9424194.6794
1740096000000,0.9164,0.9610,0.8565,0.8759,27209791,24824315.5542,311135,12452983.2520
1740182400000,0.8759,0.9103,0.8697,0.9037,13410970,11951787.4941,172769,5832640.7012
1740268800000,0.9037,0.9097,0.8625,0.8787,11558479,10231057.6486,165328,5050385.5049
1740355200000,0.8786,0.8865,0.7247,0.7506,33357283,27053150.5230,338326,12571174.3474
1740441600000,0.7506,0.7899,0.6895,0.7780,52612140,38929554.9782,495663,19347499.1491
1740528000000,0.7780,0.8155,0.7562,0.7916,29149806,22891281.7844,317594,11271990.0081
1740614400000,0.7917,0.8386,0.7863,0.8123,21763347,17744969.6330,248488,8751429.3697
1740700800000,0.8123,0.8160,0.7358,0.7929,29505418,22779163.8181,336183,11368300.2780
1740787200000,0.7928,0.8040,0.7571,0.7910,17662976,13797711.4182,175724,6805114.0907
1740873600000,0.7910,0.8953,0.7649,0.8918,30545113,25120865.5148,295946,12511876.1728
1740960000000,0.8918,0.8958,0.7223,0.7319,33459898,26847711.4130,345938,12805521.1228
1741046400000,0.7322,0.7393,0.6482,0.7079,44451424,31000570.7955,377461,15128614.0410
1741132800000,0.7078,0.7416,0.6887,0.7320,20500679,14711027.8436,221699,7368121.8540
1741219200000,0.7319,0.7455,0.6952,0.7017,22116148,15934725.3518,209772,7878618.8651
1741305600000,0.7017,0.7384,0.6616,0.7023,29448199,20682824.6178,279344,10396816.1285
1741392000000,0.7025,0.7045,0.6667,0.6723,17700997,12084813.0282,156021,5957397.2288
1741478400000,0.6721,0.6805,0.5690,0.5850,34474165,21222891.8118,245713,9909818.5435
1741564800000,0.5851,0.6551,0.5550,0.5753,38824564,23427832.0282,298361,11368812.0799
1741651200000,0.5753,0.6280,0.5338,0.6018,34684076,20348785.4225,270907,10253600.9108
1741737600000,0.6017,0.6260,0.5812,0.6152,22897696,13818049.5200,198651,6922684.1471
1741824000000,0.6150,0.6239,0.5812,0.5931,18104197,10889075.3028,162838,5510518.1695
1741910400000,0.5930,0.6321,0.5909,0.6178,26572900,16151968.9303,172964,8337356.7169
1741996800000,0.6178,0.6592,0.6114,0.6525,16263604,10380923.3462,143268,5241567.9513
1742083200000,0.6524,0.6543,0.6005,0.6062,17596150,11045231.5669,160575,5213251.1150
1742169600000,0.6062,0.6703,0.6056,0.6569,22504343,14560890.4778,184291,7348288.7855
1742256000000,0.6570,0.6644,0.6277,0.6587,18785324,12132488.6468,170039,5955988.0981
1742342400000,0.6586,0.7096,0.6451,0.6989,31997520,21739428.4160,253864,10351521.7915
1742428800000,0.6990,0.7050,0.6587,0.6674,17737538,12010112.8239,167194,5611142.3782
1742515200000,0.6675,0.6795,0.6486,0.6590,14623834,9661495.8920,133226,4747779.1811
1742601600000,0.6590,0.6924,0.6563,0.6715,12293322,8315910.0152,107153,3997934.6644
1742688000000,0.6715,0.6848,0.6557,0.6643,11936959,8004498.9248,108734,3934624.7208
1742774400000,0.6642,0.7109,0.6536,0.7039,18172408,12522749.0298,161030,6219826.7361
1742860800000,0.7040,0.7115,0.6825,0.7022,15057829,10529213.7681,120442,4789615.8271
1742947200000,0.7021,0.7302,0.6762,0.6851,16593169,11642888.9121,124165,5723933.8959
1743033600000,0.6850,0.7074,0.6641,0.6809,16148701,11050515.9450,124551,5231780.1962
1743120000000,0.6809,0.6906,0.6159,0.6252,20855221,13402015.9211,134634,6435808.2900
1743206400000,0.6252,0.6301,0.5715,0.5847,18813394,11250483.3246,131613,5303866.7624
1743292800000,0.5848,0.6017,0.5742,0.5835,15111601,8929443.0298,100619,4395324.4573
1743379200000,0.5836,0.6018,0.5649,0.5846,21218904,12435603.3332,134653,5919527.8276
1743465600000,0.5847,0.6216,0.5840,0.6057,17577936,10643458.6667,118026,5350276.0738
1743552000000,0.6056,0.6153,0.5400,0.5512,27946153,16233171.3644,182743,7971348.5166
1743638400000,0.5513,0.5865,0.5348,0.5675,24124660,13494154.2400,147385,6509409.7458
1743724800000,0.5676,0.5755,0.5392,0.5681,22163309,12454349.1471,151087,6166192.4894
1743811200000,0.5681,0.5730,0.5443,0.5539,9949476,5544350.6086,77535,2614755.1719
1743897600000,0.5540,0.5565,0.4739,0.4882,33652948,17435892.2728,180832,8236467.9369
1743984000000,0.4883,0.5328,0.4508,0.5134,52687276,25795980.4062,264964,12882458.1243
1744070400000,0.5135,0.5289,0.4838,0.4886,25039408,12654561.0752,143454,6336006.8540
1744156800000,0.4888,0.5629,0.4707,0.5518,34776370,17997466.7141,191490,8974044.1625
1744243200000,0.5517,0.5517,0.5121,0.5298,20727757,11005591.4970,128435,5377287.8359
1744329600000,0.5299,0.5695,0.5275,0.5580,17386391,9565121.4043,112685,4893192.3735
1744416000000,0.5580,0.5951,0.5457,0.5892,17067732,9771569.0754,107745,4828315.2768
1744502400000,0.5893,0.5922,0.5466,0.5575,17505658,9967691.4829,127475,5062495.0460
1744588800000,0.5575,0.5887,0.5544,0.5590,17820113,10132228.8366,134708,4867531.9192
1744675200000,0.5590,0.5706,0.5392,0.5403,15749222,8738362.2297,118881,4320801.2998
1744761600000,0.5402,0.5514,0.5244,0.5387,14443952,7808559.5133,109436,3794982.9216
1744848000000,0.5389,0.5570,0.5336,0.5423,12499924,6822743.1716,82427,3353752.4935
1744934400000,0.5423,0.5722,0.5372,0.5665,14736599,8203493.3712,91217,4089600.1146
1745020800000,0.5664,0.5964,0.5618,0.5882,12887687,7431346.2790,85365,3897730.2361
1745107200000,0.5883,0.6016,0.5707,0.5927,11667534,6851138.9341,87754,3468615.2618
1745193600000,0.5925,0.6185,0.5905,0.6008,14556446,8796634.3835,106083,4461510.4362
1745280000000,0.6009,0.6434,0.5850,0.6413,17566821,10734553.9896,107915,5343626.7443
1745366400000,0.6413,0.6835,0.6373,0.6736,26973235,17942384.3258,166016,8874177.9373
1745452800000,0.6736,0.7043,0.6503,0.6958,22046938,14959914.8187,134984,7146121.6809
1745539200000,0.6957,0.7084,0.6732,0.6857,22877042,15868217.0433,133241,7844992.6697
1745625600000,0.6857,0.7161,0.6807,0.6999,18935973,13257543.4224,117602,6655005.1972
1745712000000,0.7001,0.7101,0.6552,0.6697,18847187,12738740.6070,121107,6264726.1128
1745798400000,0.6698,0.7071,0.6508,0.6911,27783832,18984230.9369,148031,9335343.0689
1745884800000,0.6911,0.7022,0.6401,0.6468,22224598,14954940.3003,139782,7251796.3089
1745971200000,0.6468,0.6698,0.6243,0.6588,24718146,16069826.0270,140773,7725942.1132
1746057600000,0.6590,0.6890,0.6577,0.6749,16885632,11391823.0180,92939,5560784.3155
1746144000000,0.6749,0.6948,0.6627,0.6787,24751683,16768472.4194,122198,7961303.8353
1746230400000,0.6788,0.6795,0.6262,0.6292,22264457,14446138.2514,100738,7062661.8833
1746316800000,0.6292,0.6323,0.6011,0.6055,23430062,14414755.4546,104184,7046715.2710
1746403200000,0.6055,0.6198,0.5994,0.6092,23712713,14481417.1767,107863,7236431.3541
1746489600000,0.6093,0.6215,0.5702,0.6021,25776538,15411926.8961,126779,7350012.9245
1746576000000,0.6023,0.6102,0.5831,0.6013,17122420,10259898.4348,107111,5013891.7347
1746662400000,0.6013,0.7697,0.6003,0.7627,42793557,29358462.9277,216453,14816470.6440
1746748800000,0.7628,0.8023,0.7543,0.7781,48829209,37702774.0440,276651,18425776.9792
1746835200000,0.7782,0.8746,0.7664,0.8691,40721321,32707478.0907,239945,16067602.0995
1746921600000,0.8690,0.8800,0.7906,0.8129,29170810,24172460.5534,197085,11723193.9204
1747008000000,0.8129,0.8738,0.7840,0.8207,35298310,29503340.7564,239301,14260424.7814
1747094400000,0.8207,0.8831,0.7743,0.8739,36887009,30579309.1616,237569,15165502.0480
1747180800000,0.8738,0.8933,0.7990,0.8147,38166952,31861504.1477,247966,15621438.0088
1747267200000,0.8147,0.8352,0.7210,0.7427,42311540,32728368.2254,264603,16156198.5576
1747353600000,0.7427,0.7700,0.7163,0.7249,26890902,20168335.9264,175487,9603673.9944
1747440000000,0.7250,0.7266,0.6870,0.6933,23505202,16557582.4633,142619,7907011.9612
1747526400000,0.6934,0.7722,0.6879,0.7428,35400662,25681227.2347,202816,12758046.0435
1747612800000,0.7430,0.7484,0.6735,0.7144,28891338,20198413.3750,180608,9628379.7995
1747699200000,0.7145,0.7476,0.6870,0.7167,26122879,18628741.0737,154785,9236192.4964
1747785600000,0.7168,0.7682,0.6961,0.7441,40427826,29579870.4940,226066,14566300.1175
1747872000000,0.7442,0.8208,0.7434,0.8064,33033828,26095263.4893,204463,13254601.5250
1747958400000,0.8065,0.8356,0.7175,0.7216,39947221,31031779.3008,222621,14818441.0687
1748044800000,0.7216,0.7537,0.7134,0.7249,22010200,16154817.7421,138298,7892928.0528
1748131200000,0.7249,0.7340,0.6946,0.7326,20668854,14759431.1311,137830,7394809.9818
1748217600000,0.7327,0.7529,0.7131,0.7183,18646166,13678485.8713,120905,6695665.6865
1748304000000,0.7182,0.7709,0.6968,0.7478,30379171,22717009.4188,169362,11199978.8366
1748390400000,0.7478,0.7636,0.7126,0.7502,23887628,17633834.2189,149108,8511078.8930
1748476800000,0.7504,0.8057,0.7168,0.7208,42982639,32774688.6221,237414,15603058.6711
1748563200000,0.7208,0.7267,0.6322,0.6385,46739501,32018103.5410,221697,15234235.2249
1748649600000,0.6386,0.6571,0.6127,0.6429,27454576,17470388.6067,140570,8373537.8694
1748736000000,0.6430,0.6591,0.6257,0.6550,18575507,11953535.6547,99649,6014323.1341
1748822400000,0.6549,0.7057,0.6317,0.7014,31149641,20674951.6987,150075,10037720.3622
1748908800000,0.7015,0.7256,0.6898,0.7010,29322728,20742466.2611,152851,10143895.9486
1748995200000,0.7012,0.7165,0.6659,0.6681,20559076,14205064.3054,112772,7039550.2828
1749081600000,0.6680,0.6769,0.6088,0.6121,29924416,19376559.5727,143138,9372903.5727
1749168000000,0.6123,0.6497,0.6080,0.6291,20776557,13081365.0158,105802,6326369.1050
1749254400000,0.6293,0.6613,0.6278,0.6521,14995405,9758507.8874,76148,4629999.6824
1749340800000,0.6521,0.6568,0.6356,0.6436,12117164,7845562.5838,64907,3803140.1953
1749427200000,0.6435,0.7008,0.6268,0.6983,20512377,13543858.2871,96844,7027242.3455
1749513600000,0.6984,0.7788,0.6897,0.7772,58628436,43010454.1354,254970,21753536.6268
1749600000000,0.7773,0.7902,0.7246,0.7315,44918697,33910411.2439,229170,15988636.6182
1749686400000,0.7315,0.7320,0.6588,0.6592,38494317,26755381.3981,230180,13050998.6033
1749772800000,0.6594,0.6595,0.5961,0.6381,65607334,40439489.0351,298414,19455205.0984
1749859200000,0.6381,0.6389,0.6033,0.6171,21337523,13234990.8353,128085,6303148.8018
1749945600000,0.6170,0.6274,0.6038,0.6211,17586261,10875093.2688,103199,5331440.1293
1750032000000,0.6212,0.6766,0.6140,0.6398,41844617,27523888.2532,212668,13345751.6287
1750118400000,0.6394,0.6587,0.6089,0.6179,32744633,20748860.9061,185841,9909714.3090
1750204800000,0.6180,0.6356,0.5903,0.6275,33581538,20614906.2450,174815,10073663.1472
1750291200000,0.6273,0.6372,0.6059,0.6181,25036032,15558765.0352,134925,7563586.6432
1750377600000,0.6182,0.6349,0.5792,0.5935,34365836,20919941.8518,150131,10375644.9086
1750464000000,0.5937,0.6033,0.5365,0.5516,30510871,17520184.0913,147212,8431526.4878
1750550400000,0.5516,0.5617,0.5030,0.5365,51046094,27146106.6110,207683,13194709.5711
1750636800000,0.5365,0.6106,0.5355,0.6070,39300490,22239117.0920,209000,11099196.7286
1750723200000,0.6069,0.6246,0.6000,0.6118,34122491,20835612.9778,191754,10367595.2742
1750809600000,0.6118,0.6174,0.5831,0.5882,28132057,16867563.8593,144283,8416233.8568
1750896000000,0.5883,0.6125,0.5697,0.5735,29436028,17263189.3323,134064,8520440.2746
1750982400000,0.5735,0.5921,0.5653,0.5812,25587026,14825416.3496,121690,7343874.6359
1751068800000,0.5813,0.6036,0.5727,0.5985,17253730,10135736.7023,93378,5122428.5459
1751155200000,0.5986,0.6409,0.5908,0.6330,20300065,12410557.5654,102758,6392939.6944
1751241600000,0.6331,0.6371,0.5944,0.6017,22901642,13991453.6700,128808,6674746.2675
1751328000000,0.6017,0.6046,0.5666,0.5712,21091364,12307733.8999,111144,5878850.0992
1751414400000,0.5712,0.6369,0.5633,0.6240,34928649,21083727.3648,169193,10676952.1121
1751500800000,0.6239,0.6438,0.6195,0.6254,26645156,16827887.4319,133884,8635416.7007
1751587200000,0.6254,0.6313,0.5820,0.5887,24700243,14841489.4794,148816,6923428.8465
1751673600000,0.5886,0.5971,0.5738,0.5918,18536999,10874495.1710,95871,5312206.9915
1751760000000,0.5917,0.6191,0.5879,0.6053,19942597,11968016.7024,107315,5950855.5811
1751846400000,0.6053,0.6156,0.5901,0.5982,21651138,13065812.9963,98688,6300452.1031
1751932800000,0.5982,0.6225,0.5862,0.6192,29408374,17753947.6287,134851,9179391.5794
1752019200000,0.6193,0.6726,0.6104,0.6632,42522439,27257336.3576,174397,13660726.5811
1752105600000,0.6633,0.7229,0.6565,0.7180,38321082,25980728.4399,188496,12964266.0304
1752192000000,0.7180,0.7571,0.7027,0.7122,52125572,38165389.8416,295442,18215013.9899
1752278400000,0.7123,0.7249,0.6738,0.6968,33752049,23620406.1492,176633,11509063.5296
1752364800000,0.6968,0.7312,0.6900,0.7136,30457941,21674346.2548,184002,10561078.4715
1752451200000,0.7137,0.7630,0.6979,0.7121,36251607,26570815.8225,236480,13075949.1109
1752537600000,0.7121,0.7498,0.6848,0.7443,40801621,29090564.5607,219866,14036480.8242
1752624000000,0.7442,0.7895,0.7259,0.7549,44165298,33025666.7447,237420,16408539.8249
1752710400000,0.7550,0.7767,0.7245,0.7629,41506371,31223477.1295,267548,15144669.4644
1752796800000,0.7630,1.0500,0.7550,0.9083,368721665,352684669.4466,2160129,172277850.3420
1752883200000,0.9083,1.0812,0.8719,0.9933,257479298,251310252.6444,1669260,120861918.5000
1752969600000,0.9932,1.0628,0.9700,0.9922,111483582,112998435.4377,811449,52530778.4466
1753056000000,0.9922,1.0922,0.9722,1.0199,85091594,87774992.4165,602618,41715376.8785
1753142400000,1.0201,1.0324,0.9368,0.9997,87805723,86065414.0072,593561,41015773.6200
1753228800000,0.9997,1.0206,0.8820,0.9122,56907753,54347850.9676,449304,25679092.7459
1753315200000,0.9122,0.9469,0.8373,0.8742,58687315,52334364.9282,405385,24334243.8732
1753401600000,0.8742,0.9066,0.8356,0.8971,46177412,40266392.6585,350355,19400161.8569
1753488000000,0.8972,0.9238,0.8873,0.9011,25300712,22884293.5908,199830,11218877.4177
1753574400000,0.9012,0.9485,0.8979,0.9345,29173175,26843661.6144,241809,12772217.2807
1753660800000,0.9346,0.9529,0.8475,0.8585,40646267,36686798.2290,311512,17304089.7186
1753747200000,0.8586,0.8924,0.8324,0.8663,35131769,30197781.9301,276745,14646460.8693
1753833600000,0.8664,0.8671,0.7785,0.8354,42423910,35046462.6993,302540,16817866.0192
1753920000000,0.8354,0.8586,0.7731,0.7780,30941236,25485045.6503,231474,12201763.2666
1754006400000,0.7779,0.7999,0.7325,0.7658,51691064,39762808.6990,326206,19449587.3465
1754092800000,0.7658,0.7780,0.7176,0.7361,28755086,21467015.4759,196946,10438590.8523
1754179200000,0.7361,0.7651,0.7235,0.7578,14780756,11045155.9090,124371,5384315.6447
1754265600000,0.7579,0.8177,0.7563,0.8024,25623517,20168410.2984,187214,9832777.4208
1754352000000,0.8025,0.8029,0.7394,0.7599,27352126,21095345.4960,203517,10249239.4128
1754438400000,0.7599,0.7781,0.7370,0.7690,24448469,18520033.0916,177290,8887454.8933
1754524800000,0.7690,0.8477,0.7637,0.8372,39643750,32049028.0084,218914,16061663.9169
1754611200000,0.8371,0.8654,0.8105,0.8464,55735902,46582032.8923,337130,22620067.5091
1754697600000,0.8464,0.9168,0.8449,0.8901,36044022,31786093.2939,242191,15771707.4587
1754784000000,0.8902,0.9117,0.8560,0.8885,35892602,31788383.2359,284845,15184070.8165
1754870400000,0.8885,0.9101,0.8122,0.8164,51736500,44707381.2783,362476,21012142.5640
1754956800000,0.8164,0.8884,0.7954,0.8815,32517079,27291020.2862,253684,13236226.0297
1755043200000,0.8814,0.9491,0.8661,0.9366,41884947,38313055.1460,312719,18962764.3631
1755129600000,0.9367,0.9518,0.8130,0.8364,48102590,42304891.2914,341126,20019781.9537
1755216000000,0.8364,0.8618,0.7889,0.8141,29676652,24519222.5324,251681,11983536.3430
1755302400000,0.8140,0.8391,0.8100,0.8349,16626594,13717820.8982,145863,6725487.8084
1755388800000,0.8349,0.8633,0.8226,0.8294,16856609,14190869.4569,143959,6578318.0406
1755475200000,0.8294,0.8327,0.7755,0.7881,37667753,29944477.6263,261071,14789585.0878
1755561600000,0.7881,0.8023,0.7451,0.7465,32637597,25073807.7492,231036,11705516.4413
1755648000000,0.7464,0.7962,0.7408,0.7918,26704560,20513266.8080,188610,9840998.7395
1755734400000,0.7919,0.8000,0.7552,0.7611,20841659,16158748.6128,152080,7934647.5477
1755820800000,0.7611,0.9044,0.7318,0.8824,61752057,50799575.6330,390960,25689222.7317
1755907200000,0.8825,0.8869,0.8477,0.8626,30870544,26649933.4048,221574,12978759.1645
1755993600000,0.8627,0.8802,0.8215,0.8400,37618316,31791724.8757,243785,15145795.6187
1756080000000,0.8399,0.8502,0.7247,0.7381,42248476,32810416.4283,287797,14789461.1811
1756166400000,0.7380,0.7978,0.7319,0.7845,33627534,25597715.1108,221629,12910493.1432
1756252800000,0.7846,0.8065,0.7737,0.7806,26057556,20517334.4859,196475,10178998.9012
1756339200000,0.7807,0.8103,0.7707,0.8094,23004864,18158795.5852,176525,9018679.1270
1756425600000,0.8094,0.8124,0.7343,0.7498,32713191,25028484.2285,224443,12258893.8400
1756512000000,0.7499,0.7721,0.7345,0.7635,15184793,11509862.7826,123537,5732745.7627
1756598400000,0.7637,0.7949,0.7576,0.7583,18070141,14072790.2752,138526,6945831.2868
1756684800000,0.7583,0.7751,0.7053,0.7272,30317038,22425624.5686,228253,10719028.1408
1756771200000,0.7273,0.7668,0.7223,0.7609,23637760,17693440.1894,202689,8856029.3563
1756857600000,0.7610,0.7914,0.7482,0.7852,20502445,15776205.9147,153459,8038455.3347
1756944000000,0.7851,0.7878,0.7308,0.7417,18957250,14282697.9769,196942,7368949.4136
1757030400000,0.7416,0.7815,0.7406,0.7573,22860289,17380246.9669,195153,8594134.7377
1757116800000,0.7573,0.7625,0.7392,0.7507,11989365,8958860.6763,107218,4306472.2806
1757203200000,0.7507,0.7617,0.7424,0.7536,13138178,9897530.6584,111350,4674179.0101
1757289600000,0.7536,0.7960,0.7464,0.7872,19242291,14899473.2924,163992,7393949.7700
1757376000000,0.7872,0.8204,0.7726,0.7935,26104309,20795287.5290,202277,10488795.8472
1757462400000,0.7936,0.8162,0.7826,0.7956,17033780,13636089.3458,153571,6669406.0740
1757548800000,0.7955,0.8317,0.7850,0.8223,25418625,20397331.4625,181854,10248006.9861
1757635200000,0.8224,0.8521,0.8094,0.8470,22946232,19069099.7265,185997,9309520.2138
1757721600000,0.8470,0.8710,0.8334,0.8517,20333465,17297827.1367,184988,8407262.9095
1757808000000,0.8517,0.8540,0.7945,0.8131,20818202,17050060.4347,181761,8306384.0821
1757894400000,0.8129,0.8264,0.7501,0.7694,25700071,20091631.7620,213269,9070261.9075
1757980800000,0.7694,0.7998,0.7585,0.7887,20891723,16380252.1074,173510,7805893.0441
1758067200000,0.7887,0.8180,0.7592,0.8102,24146541,18863859.1010,189598,9382132.7940
1758153600000,0.8103,0.8291,0.7984,0.8135,16334042,13298559.2468,147599,6812928.1394
1758240000000,0.8135,0.8305,0.7604,0.7672,19461630,15326072.3324,157702,7227502.4529
1758326400000,0.7671,0.7821,0.7583,0.7748,11059417,8530748.7350,102197,4185317.5824
1758412800000,0.7747,0.7922,0.7541,0.7556,13536989,10430515.0843,118800,4942948.3074
1758499200000,0.7554,0.7604,0.6197,0.6839,52126875,35889165.0504,311792,17516594.5783
1758585600000,0.6839,0.6869,0.6659,0.6722,20494177,13888049.7455,151817,6959775.7585
1758672000000,0.6722,0.6914,0.6551,0.6746,16242815,11011897.8027,124583,5149464.9064
1758758400000,0.6747,0.6772,0.6190,0.6335,33223844,21510392.5086,251430,10508098.0321
1758844800000,0.6334,0.6694,0.6321,0.6662,22691474,14728672.7707,167019,7460002.9486
1758931200000,0.6661,0.6692,0.6554,0.6613,9879775,6553960.2775,78726,3194260.4344
1759017600000,0.6614,0.6716,0.6391,0.6687,13705157,8964654.2828,94628,4464670.8581
1759104000000,0.6687,0.6808,0.6463,0.6723,17577980,11672806.7542,127656,5631591.9615
1759190400000,0.6723,0.6741,0.6429,0.6690,22040003,14559725.0052,159366,7020055.1121
1759276800000,0.6691,0.7064,0.6624,0.7059,21808132,14971079.3074,160224,7600668.9407
1759363200000,0.7058,0.7304,0.6950,0.7222,20959765,14958931.3611,158945,7480665.1709
1759449600000,0.7221,0.7386,0.7064,0.7233,23995461,17275498.7182,179103,8290295.3810
1759536000000,0.7234,0.7250,0.6816,0.6907,17040718,11908050.1529,120328,5814214.0726
1759622400000,0.6908,0.7266,0.6859,0.6917,21288650,15017307.8546,151326,7411918.6662
1759708800000,0.6917,0.7431,0.6858,0.7311,23099658,16533713.1072,168147,8319611.7934
1759795200000,0.7311,0.7388,0.6803,0.6832,33768339,23922046.8272,211018,11376757.1993
1759881600000,0.6832,0.7256,0.6742,0.7216,24276810,16993204.8909,172862,8079031.4139
1759968000000,0.7216,0.7236,0.6644,0.6866,28988967,19931554.2059,195742,9706781.5747
1760054400000,0.6866,0.7194,0.1536,0.4781,117629079,59010917.2451,503487,28139600.6430
1760140800000,0.4782,0.5409,0.4536,0.4975,69400145,34315242.1064,367146,16658771.4892
1760227200000,0.4975,0.5756,0.4888,0.5663,45402779,24370227.0205,262690,12166587.1538
1760313600000,0.5663,0.6123,0.5537,0.6078,51715211,29797807.8265,292870,14930842.3249
1760400000000,0.6078,0.6100,0.5311,0.5845,65296104,36705764.5568,327414,17047003.2146
1760486400000,0.5842,0.5988,0.5452,0.5558,38629284,22033495.8963,206430,10584351.2662
1760572800000,0.5558,0.5702,0.5155,0.5233,42104822,22993141.6278,224892,11427706.1581
1760659200000,0.5233,0.5356,0.4818,0.5074,52185271,26395891.9277,235618,13177609.8014
1760745600000,0.5076,0.5237,0.5067,0.5155,18237299,9393690.7523,92838,4675460.3498
1760832000000,0.5156,0.5448,0.5064,0.5346,25271996,13351857.3083,126237,6409650.5201
1760918400000,0.5345,0.5726,0.5233,0.5542,29669551,16398456.6161,148684,8195169.4132
1761004800000,0.5543,0.5730,0.5235,0.5286,31692594,17295050.8328,165699,8399929.5415
1761091200000,0.5284,0.5382,0.4968,0.5173,35556811,18589995.4462,152006,8991333.2312
1761177600000,0.5174,0.5423,0.5164,0.5343,22001249,11634473.8960,98829,5792172.7231
1761264000000,0.5345,0.5461,0.5205,0.5331,20777173,11089234.2137,97534,5550267.1329
1761350400000,0.5330,0.5389,0.5275,0.5326,17063438,9097981.2936,86667,4700980.1275
1761436800000,0.5327,0.5611,0.5222,0.5556,22712558,12268589.2429,103537,6160033.3460
1761523200000,0.5555,0.5679,0.5341,0.5434,22079519,12189765.7389,117839,6002277.3683
1761609600000,0.5434,0.5473,0.5033,0.5186,29264726,15533978.9576,138114,7615160.3936
1761696000000,0.5186,0.5385,0.5039,0.5240,32892746,17283843.4036,142746,8271347.7877
1761782400000,0.5240,0.5326,0.4628,0.4832,39452097,19527091.3948,171455,9057422.2052
1761868800000,0.4832,0.5003,0.4768,0.4879,24391443,11927805.3296,130135,6057724.2559
1761955200000,0.4879,0.5168,0.4850,0.5149,21681282,10964822.1298,117826,5582618.0270
1762041600000,0.5150,0.5208,0.4914,0.5077,16013561,8131479.4313,112540,4093111.7921
1762128000000,0.5077,0.5103,0.4250,0.4479,54704106,25158048.3483,251357,12093274.8749
1762214400000,0.4479,0.4628,0.3981,0.4231,59159469,25476645.5512,309367,12643678.8760
1762300800000,0.4232,0.4467,0.4016,0.4413,27926088,12043721.6530,159255,6118214.4807
1762387200000,0.4412,0.4458,0.4180,0.4371,25205585,10922358.4758,142001,5338318.6989
1762473600000,0.4371,0.5195,0.4364,0.5054,44473645,20962995.5285,247994,10620971.7413
1762560000000,0.5054,0.5170,0.4739,0.4929,25133363,12450419.5359,158212,6132439.9618
1762646400000,0.4928,0.5077,0.4648,0.4935,32221641,15772773.2995,189659,7736818.0854
1762732800000,0.4935,0.6292,0.4905,0.5722,111015450,60846079.9101,480939,30090155.4010
1762819200000,0.5722,0.5868,0.4849,0.4915,111920450,60006787.3572,577364,28709046.5725
1762905600000,0.4915,0.5287,0.4742,0.4842,51524076,25929163.3042,307300,12637382.4408
1762992000000,0.4841,0.4936,0.4520,0.4721,40359759,19254127.8585,260177,9424035.1217
1763078400000,0.4721,0.4785,0.4436,0.4567,38966284,18101846.3348,274110,8850252.6175
1763164800000,0.4566,0.4784,0.4558,0.4665,20868564,9791610.9482,132219,4871651.6390
1763251200000,0.4666,0.4779,0.4354,0.4504,28698614,13114814.2989,187796,6378461.7109
1763337600000,0.4503,0.4731,0.4396,0.4560,30158296,13740491.4315,215041,6806222.0357
1763424000000,0.4561,0.4837,0.4460,0.4716,31903793,14996913.6292,228858,7277303.9246
1763510400000,0.4716,0.4716,0.4320,0.4570,28583051,12949246.4277,182940,6235520.5885
1763596800000,0.4569,0.4756,0.4251,0.4395,27633914,12445423.5602,184195,6041702.3221
1763683200000,0.4395,0.4521,0.3710,0.4097,52638683,21747662.0081,257534,10295564.0485
1763769600000,0.4096,0.4152,0.3962,0.4081,19960841,8081302.5981,127129,3890356.6599
1763856000000,0.4081,0.4134,0.4015,0.4025,14448954,5891123.9424,91423,2795511.7566
1763942400000,0.4024,0.4249,0.3973,0.4169,23840547,9759451.2595,141622,4912053.8900
1764028800000,0.4168,0.4260,0.4022,0.4218,17870761,7382656.2493,97256,3755172.3569
1764115200000,0.4218,0.4256,0.3869,0.3973,32911364,13252663.4073,140163,6145565.2093
1764201600000,0.3972,0.4014,0.3905,0.3932,21976320,8710248.6209,94808,4002634.7793
1764288000000,0.3932,0.4017,0.3784,0.3836,24636340,9600710.5020,108209,4536132.3378
1764374400000,0.3837,0.3916,0.3730,0.3779,16854011,6438011.5014,81559,2983067.8791
1764460800000,0.3779,0.3857,0.3710,0.3719,14851618,5634442.9246,77119,2705325.6231
1764547200000,0.3719,0.3727,0.3305,0.3404,45346043,15517477.5373,176952,7442390.2911
1764633600000,0.3403,0.3731,0.3345,0.3655,23958228,8478452.5942,107502,4219030.6005
1764720000000,0.3655,0.3788,0.3604,0.3742,16324575,6046876.5161,92768,3018692.3610
1764806400000,0.3742,0.3772,0.3507,0.3520,18125950,6601396.2477,89628,3260563.7967
1764892800000,0.3520,0.3557,0.3197,0.3305,30093027,10174787.2097,126978,4932331.9013
1764979200000,0.3305,0.3399,0.3275,0.3348,15597172,5181622.3557,76200,2497236.5226
1765065600000,0.3348,0.3386,0.3146,0.3202,21063390,6879699.2437,97868,3453643.5278
1765152000000,0.3203,0.3422,0.3178,0.3326,20009383,6635549.1904,96273,3399040.2499
1765238400000,0.3326,0.3631,0.3256,0.3491,25100334,8640611.4185,101897,4247135.9095
1765324800000,0.3491,0.3563,0.3316,0.3323,22645416,7743484.4804,103319,3610050.3724
1765411200000,0.3323,0.3367,0.3158,0.3315,23958891,7784594.4469,98637,3702112.0097
1765497600000,0.3317,0.3344,0.3088,0.3193,20101472,6467716.4708,78094,3203717.8399
1765584000000,0.3193,0.3294,0.3181,0.3253,13683127,4425367.4087,45913,2200480.1362
1765670400000,0.3253,0.3286,0.3030,0.3070,16552896,5224401.2719,58231,2542275.8685
1765756800000,0.3070,0.3188,0.2896,0.2992,28911570,8774722.4532,106366,4300421.6309
1765843200000,0.2991,0.3055,0.2919,0.3017,19889909,5958505.4536,74553,3006345.8923
1765929600000,0.3017,0.3096,0.2812,0.2841,34765643,10244657.5187,99132,4846473.4946
1766016000000,0.2842,0.2953,0.2665,0.2718,38071343,10702372.3206,115336,5376922.5368
1766102400000,0.2718,0.2966,0.2686,0.2951,24474548,6977836.3168,85791,3534491.7235
1766188800000,0.2951,0.3088,0.2917,0.3062,21901775,6532673.0608,62903,3376722.3591
1766275200000,0.3063,0.3070,0.2869,0.2931,19781602,5856042.6804,67155,2792671.3995
1766361600000,0.2932,0.3019,0.2889,0.2952,19471768,5769909.2322,67608,2837296.2989
1766448000000,0.2952,0.2975,0.2817,0.2888,18568924,5380089.1114,62832,2674646.4080
1766534400000,0.2889,0.2914,0.2811,0.2876,9345047,2672320.5759,43658,1428953.9727
1766620800000,0.2876,0.2933,0.2810,0.2819,11538603,3325291.9169,43796,1751749.0880
1766707200000,0.2819,0.2930,0.2777,0.2827,15148961,4314312.3588,64338,2122180.7740
1766793600000,0.2828,0.3007,0.2803,0.2945,25704010,7437074.6092,83010,3806405.6415
1766880000000,0.2946,0.3089,0.2929,0.2986,25167550,7550444.8223,86097,3798207.0809
1766966400000,0.2986,0.3051,0.2903,0.2945,16180927,4810115.5624,70717,2356559.7041
1767052800000,0.2944,0.2975,0.2870,0.2908,12996402,3804262.4419,54495,1727317.2527
1767139200000,0.2908,0.2916,0.2704,0.2739,17334514,4867405.3457,85317,2071862.8811
1767225600000,0.2740,0.3079,0.2736,0.3051,19935241,5793454.0125,68240,3012625.7689
1767312000000,0.3051,0.3436,0.3037,0.3364,32549338,10332131.0605,135756,5310760.0540
1767398400000,0.3365,0.3378,0.3193,0.3335,14964262,4917855.2655,73260,2247849.1118
1767484800000,0.3335,0.3480,0.3306,0.3380,17514280,5933398.9605,80626,2677131.5875
1767571200000,0.3379,0.3489,0.3278,0.3467,18153520,6114562.8545,88674,2980437.7740
1767657600000,0.3467,0.3689,0.3378,0.3551,24996932,8802452.4089,121038,4278894.0838
1767744000000,0.3550,0.3552,0.3322,0.3373,15852741,5402424.3469,78274,2625228.8103
1767830400000,0.3373,0.3401,0.3203,0.3287,15940254,5246823.2761,81199,2597845.6049
1767916800000,0.3287,0.3418,0.3245,0.3297,12254525,4055533.4268,70294,1987544.0092
1768003200000,0.3296,0.3311,0.3225,0.3237,6951097,2274963.4478,35273,1188910.8142
1768089600000,0.3237,0.3274,0.3142,0.3190,7821214,2521743.7282,43685,1236074.6384
1768176000000,0.3189,0.3303,0.3111,0.3142,15253528,4873093.1294,70444,2415840.4953
1768262400000,0.3142,0.3619,0.3139,0.3538,32231972,10985487.5769,125210,5315273.7149
1768348800000,0.3537,0.3579,0.3416,0.3447,18044714,6328894.9912,82121,3069282.9849
1768435200000,0.3447,0.3457,0.3209,0.3266,20193163,6728773.2151,79719,3137646.4463
1768521600000,0.3267,0.3336,0.3179,0.3329,11109284,3628693.4872,52776,1821868.0955
1768608000000,0.3329,0.3750,0.3319,0.3535,26620277,9471908.4713,128155,4774052.7497
1768694400000,0.3534,0.3585,0.3269,0.3280,17156827,5928265.8153,82311,2743543.4368
1768780800000,0.3279,0.3279,0.2884,0.3146,37209698,11505557.3019,157407,5702702.4394
1768867200000,0.3146,0.3167,0.2962,0.3012,20402347,6287202.6829,92135,2908660.3947
1768953600000,0.3013,0.3211,0.2975,0.3076,23083122,7139310.8570,104932,3508137.1952
1769040000000,0.3077,0.3177,0.2983,0.3029,13007166,4005609.6417,74944,2041067.7079
1769126400000,0.3030,0.3148,0.2985,0.3017,13326461,4085131.2679,68430,2053856.8813
1769212800000,0.3017,0.3061,0.2984,0.3030,5933683,1794668.1461,31572,880576.9128
1769299200000,0.3031,0.3037,0.2776,0.2844,16755463,4868086.9735,72865,2298209.0457
1769385600000,0.2843,0.3060,0.2827,0.2967,15586001,4607386.4041,67001,2283560.2995
1769472000000,0.2967,0.3036,0.2917,0.3025,12578093,3735340.5299,54864,1942312.9510
1769558400000,0.3026,0.3056,0.2941,0.3007,11795949,3540735.9468,57999,1722817.5202
1769644800000,0.3008,0.3016,0.2671,0.2747,20757649,5812101.0148,83239,2607333.0572
1769731200000,0.2747,0.2765,0.2631,0.2724,20917463,5658600.7081,84411,2762109.1031
1769817600000,0.2723,0.2723,0.2157,0.2436,46230607,11244129.0252,148241,5796787.4331
1769904000000,0.2435,0.2464,0.2284,0.2343,23580404,5625042.6172,86462,2788914.6487
1769990400000,0.2344,0.2467,0.2271,0.2416,24684775,5860382.4524,84607,2884208.9203
1770076800000,0.2417,0.2464,0.2243,0.2351,25190880,5959912.9635,84826,2924619.0793
1770163200000,0.2351,0.2417,0.2246,0.2324,20297399,4715265.0366,78970,2380488.5623
1770249600000,0.2325,0.2353,0.1863,0.1910,65615752,13602204.8773,164860,6639755.0908
1770336000000,0.1910,0.2201,0.1688,0.2143,52267641,10132471.5636,132082,5259254.3891
1770422400000,0.2143,0.2167,0.2025,0.2131,23151849,4886672.2954,68595,2454421.2607
1770508800000,0.2132,0.2133,0.2006,0.2028,13731657,2844711.9831,42339,1309795.9887
1770595200000,0.2027,0.2086,0.1972,0.2043,15521655,3148039.2059,43392,1591095.2436
1770681600000,0.2043,0.2054,0.1954,0.1988,14010838,2793425.7872,39679,1360502.2971
1770768000000,0.1987,0.2173,0.1911,0.1970,73324235,14848612.2198,137526,7213220.8081
1770854400000,0.1970,0.2049,0.1930,0.2015,24531260,4889217.8005,63240,2369359.0462
1770940800000,0.2014,0.2117,0.1974,0.2096,16776049,3430736.0470,42272,1660096.1131
1771027200000,0.2096,0.2226,0.2079,0.2191,14095675,3026206.4663,50038,1541991.9089
1771113600000,0.2191,0.2208,0.2042,0.2083,19183858,4071327.3868,52386,1899789.0211
1771200000000,0.2083,0.2142,0.2055,0.2128,12510573,2626773.2363,39708,1272265.2258
1771286400000,0.2128,0.2130,0.2059,0.2091,14387632,3019588.8665,42110,1425883.0506
1771372800000,0.2092,0.2168,0.2027,0.2040,17316531,3637978.4158,47737,1850947.1414
1771459200000,0.2040,0.2063,0.1953,0.2000,11819392,2367140.8019,39067,1079930.5781
1771545600000,0.1999,0.2065,0.1954,0.2051,16590649,3348011.6187,48125,1825340.8685
1771632000000,0.2051,0.2163,0.2049,0.2076,16975637,3588651.4671,48935,1814844.0994
1771718400000,0.2076,0.2076,0.1978,0.2006,11882193,2402806.7601,36621,1080108.1947
1771804800000,0.2006,0.2010,0.1872,0.1938,18888266,3660343.3500,53173,1793917.0643
1771891200000,0.1937,0.1958,0.1881,0.1914,14930051,2863771.7000,43407,1384330.2872
1771977600000,0.1914,0.2387,0.1910,0.2206,38437847,8342239.4600,99937,4179123.5018
1772064000000,0.2206,0.2212,0.2007,0.2080,24086183,5057103.7506,69514,2505817.2159
1772150400000,0.2081,0.2157,0.1975,0.2011,20758312,4307176.2761,58336,2069219.8697
1772236800000,0.2010,0.2120,0.1874,0.2099,41566179,8237352.6115,104013,4028360.6103
1772323200000,0.2099,0.2142,0.1930,0.1979,27346253,5561139.8600,74938,2542741.9402
1772409600000,0.1978,0.2125,0.1968,0.2060,23212017,4732399.8374,87642,2370781.8285
1772496000000,0.2059,0.2070,0.1976,0.2032,24538455,4973532.7667,67993,2372507.0539
1772582400000,0.2032,0.2140,0.2014,0.2088,25726405,5344094.0060,68940,2585492.1398
1772668800000,0.2088,0.2116,0.2024,0.2060,16958940,3522073.5793,48655,1700404.0164
1772755200000,0.2061,0.2090,0.1946,0.1997,17523617,3544359.3284,52456,1730230.9385
1772841600000,0.1997,0.2004,0.1913,0.1934,10032737,1970057.3872,31369,902505.2844
1772928000000,0.1935,0.1950,0.1879,0.1897,15555946,2975334.4811,47849,1445756.1363
1773014400000,0.1898,0.2006,0.1894,0.1949,19678878,3846690.2894,52760,2000599.1659
1773100800000,0.1949,0.2040,0.1941,0.1974,16347720,3260572.7664,47210,1607761.6293
1773187200000,0.1974,0.2056,0.1945,0.2030,14839826,2975164.5782,44516,1371365.6016
1773273600000,0.2029,0.2097,0.2001,0.2082,11514223,2348699.3996,36799,1196749.9392
1773360000000,0.2082,0.2173,0.2076,0.2094,17300156,3674833.8378,45376,1833748.3919
1773446400000,0.2093,0.2135,0.2061,0.2098,9871291,2057978.3476,26852,1044608.5613
1773532800000,0.2099,0.2161,0.2078,0.2150,12175969,2578119.7073,33781,1290065.8746
1773619200000,0.2151,0.2262,0.2142,0.2239,20599541,4533896.0339,52807,2202113.5021
1773705600000,0.2239,0.2250,0.2176,0.2211,16200413,3576990.8025,39656,1667760.4984
1773792000000,0.2212,0.2243,0.2033,0.2069,18602101,3964176.2134,45503,1936486.3197
1773878400000,0.2070,0.2098,0.1991,0.2022,15742803,3198587.7872,53878,1545364.2008
1773964800000,0.2022,0.2056,0.1981,0.2020,15066170,3034567.5627,54096,1476265.2441
1774051200000,0.2021,0.2029,0.1918,0.1932,11511570,2291975.8467,25954,1031297.8484
1774137600000,0.1932,0.1961,0.1878,0.1902,14551161,2799323.0894,35954,1414404.0696
1774224000000,0.1903,0.2014,0.1898,0.1987,17589240,3455497.7807,35926,1737067.3087
1774310400000,0.1987,0.1994,0.1941,0.1988,9240933,1822817.4021,26205,933251.6748
1774396800000,0.1988,0.2039,0.1981,0.2020,12005491,2418726.7478,25592,1219110.4790
1774483200000,0.2020,0.2027,0.1914,0.1941,14386191,2810115.7102,29885,1388202.6235
1774569600000,0.1942,0.1976,0.1892,0.1907,14823369,2856602.3924,30658,1372734.6783
1774656000000,0.1907,0.1931,0.1877,0.1881,9350758,1778910.6843,22932,820013.4346
1774742400000,0.1880,0.1901,0.1824,0.1866,10856634,2033033.6530,24497,1005926.9606
1774828800000,0.1866,0.2009,0.1864,0.1922,16852463,3290629.3239,37942,1741115.3971
1774915200000,0.1922,0.1969,0.1919,0.1955,13445062,2616112.6281,29225,1303889.8092
1775001600000,0.1955,0.2005,0.1948,0.1954,11090274,2192914.6760,28686,1135099.1242
1775088000000,0.1954,0.1976,0.1834,0.1871,22172425,4165687.9790,45900,1989122.1846
1775174400000,0.1871,0.2003,0.1865,0.1923,18242987,3543068.3376,43651,1810457.5074
1775260800000,0.1922,0.1982,0.1905,0.1950,8789097,1704859.7236,27152,809906.3610
1775347200000,0.1951,0.1959,0.1873,0.1931,11384102,2164492.9320,30640,976157.8032
1775433600000,0.1930,0.1979,0.1900,0.1920,9474595,1843367.3110,27401,899682.2168
1775520000000,0.1919,0.2033,0.1885,0.2016,14445566,2796724.4534,36108,1433896.1638
1775606400000,0.2016,0.2018,0.1934,0.1941,12274815,2425430.9724,30482,1154675.2913
1775692800000,0.1942,0.1974,0.1914,0.1930,10067266,1950214.2299,29743,953492.1514
1775779200000,0.1930,0.1977,0.1922,0.1948,10336539,2014615.7801,27511,988999.4324
1775865600000,0.1950,0.1963,0.1901,0.1931,10436083,2015002.8111,29214,913324.6307
1775952000000,0.1932,0.1941,0.1877,0.1890,11957906,2270095.3536,32714,1025570.0382
1776038400000,0.1890,0.1993,0.1874,0.1986,9039887,1732523.0511,28893,898309.9515
1776124800000,0.1986,0.1994,0.1902,0.1940,10007693,1947947.3512,29371,874308.5964
1776211200000,0.1939,0.2020,0.1934,0.1994,10619792,2098739.3650,31363,1012917.0309
1776297600000,0.1995,0.2220,0.1988,0.2185,37049625,7839761.5131,86649,3936633.2943
1776384000000,0.2186,0.2266,0.2101,0.2175,22751865,4966288.9718,57370,2324617.7553
1776470400000,0.2176,0.2256,0.2112,0.2117,17414871,3786614.9197,50566,1772340.1725
1776556800000,0.2117,0.2118,0.2032,0.2040,14431100,2999378.9520,39560,1364056.0797
1776643200000,0.2041,0.2244,0.2039,0.2170,24582451,5321596.6124,65193,2651114.2900
1776729600000,0.2170,0.2224,0.2132,0.2194,13613026,2971955.3948,45173,1530696.5760
1776816000000,0.2195,0.2395,0.2183,0.2289,26870059,6166655.1045,69476,2913429.2895
1776902400000,0.2290,0.2315,0.2178,0.2223,18839966,4190892.9756,54540,2052606.5597
1776988800000,0.2223,0.2281,0.2187,0.2269,14431351,3215104.9423,44637,1566202.8651
1777075200000,0.2268,0.2367,0.2205,0.2222,16343741,3740040.7395,50520,1823178.8088
1777161600000,0.2222,0.2260,0.2199,0.2220,9514899,2116123.1077,30041,1023009.5704
1777248000000,0.2221,0.2246,0.2084,0.2127,15408201,3304918.4306,39018,1526188.7376
1777334400000,0.2127,0.2153,0.2077,0.2124,9244120,1949347.7357,27022,969573.6304
1777420800000,0.2124,0.2171,0.2006,0.2074,12205495,2553217.2948,39116,1245950.1999
1777507200000,0.2075,0.2103,0.2046,0.2058,5750030,1189956.9734,23110,530127.5759
1777593600000,0.2060,0.2159,0.2059,0.2137,9561289,2013990.0237,35882,1043101.4148
1777680000000,0.2137,0.2334,0.2123,0.2241,37000297,8288271.2400,97406,4124554.4030
1777766400000,0.2241,0.2258,0.2166,0.2173,13493719,2956810.3491,40270,1384951.5766
1777852800000,0.2171,0.2252,0.2155,0.2169,13323787,2928618.1402,39139,1406278.9397
1777939200000,0.2170,0.2249,0.2162,0.2223,12959081,2859040.0428,36150,1464898.9942
1778025600000,0.2223,0.2345,0.2217,0.2307,24542424,5624464.4773,60360,2894417.2617
1778112000000,0.2306,0.2341,0.2244,0.2288,15393559,3527388.1242,49501,1681389.6852
1778198400000,0.2288,0.2523,0.2258,0.2496,51361709,12401338.5411,132369,6199722.1309
1778284800000,0.2496,0.2525,0.2395,0.2415,19211889,4703611.2120,56787,2294795.7693
1778371200000,0.2416,0.2597,0.2372,0.2512,44566090,11137324.5207,128116,5396614.1579
1778457600000,0.2511,0.2605,0.2408,0.2515,27288872,6800222.2366,82966,3126679.2828
1778544000000,0.2515,0.2520,0.2356,0.2408,19476849,4716887.5345,61410,2121374.2845
1778630400000,0.2407,0.2497,0.2288,0.2318,17204257,4094994.3128,55925,1835779.2815
1778716800000,0.2317,0.2370,0.2276,0.2308,13539142,3135225.5809,44662,1448273.8086
1778803200000,0.2307,0.2324,0.2143,0.2185,17402687,3871552.6679,50629,1792004.3698
1778889600000,0.2186,0.2211,0.2074,0.2122,13023213,2771500.2332,38746,1280859.9415
1778976000000,0.2121,0.2159,0.1989,0.2064,11620591,2444992.5089,36543,1139217.8762
1779062400000,0.2065,0.2118,0.2037,0.2115,9686022,2007131.7686,61890,1000943.2266
1779148800000,0.2115,0.2130,0.2057,0.2065,6196183,1294006.5724,22616,593940.6137
1779235200000,0.2065,0.2122,0.2053,0.2105,8001259,1674373.5299,25757,849981.4401
1779321600000,0.2104,0.2163,0.2081,0.2136,8964274,1903788.3468,30495,889172.7309
1779408000000,0.2136,0.2158,0.2012,0.2028,11757261,2467599.8175,40186,1166244.2489
1779494400000,0.2028,0.2098,0.1978,0.2070,10587374,2150028.2914,35875,1058726.5146
1779580800000,0.2070,0.2081,0.1972,0.2009,7717768,1564223.6515,30264,725439.6998
1779667200000,0.2009,0.2098,0.1998,0.2054,8304215,1707909.8140,31273,830638.0707
1779753600000,0.2054,0.2080,0.1996,0.2009,9611567,1955247.9854,34064,954216.5100
1779840000000,0.2010,0.2062,0.1962,0.1993,13122257,2640343.9912,39424,1191828.6251
1779926400000,0.1992,0.2007,0.1884,0.1940,14708395,2843657.4900,44403,1362278.2737
1780012800000,0.1940,0.1967,0.1869,0.1928,12327365,2367099.2495,46817,1082122.2389
1780099200000,0.1929,0.1982,0.1928,0.1942,6132186,1198296.0890,24132,576805.5934
1780185600000,0.1942,0.2059,0.1902,0.2054,11748476,2318970.1324,33170,1057541.6690
1780272000000,0.2054,0.2140,0.2002,0.2102,49115735,10212849.9677,127571,5035963.3259
1780358400000,0.2102,0.2126,0.1906,0.1955,33453826,6725802.6372,82701,3192615.1901
1780444800000,0.1955,0.2375,0.1954,0.2300,108840311,24248682.9214,255172,11929525.3973
1780531200000,0.2301,0.2428,0.1942,0.2057,130560742,28301172.6262,305820,13373847.7034
1780617600000,0.2057,0.2103,0.1665,0.1770,71809108,13626110.4625,194734,6373284.7060
1780704000000,0.1770,0.1813,0.1606,0.1683,28975610,4905919.8429,75343,2366058.3199
1780790400000,0.1685,0.1758,0.1651,0.1712,25468077,4339097.0003,64600,2058489.8381
1780876800000,0.1711,0.1741,0.1657,0.1687,17917517,3050756.1468,50097,1471389.5831
1780963200000,0.1687,0.1688,0.1593,0.1650,23503271,3843473.2517,62622,1789009.1265
1781049600000,0.1651,0.1751,0.1630,0.1680,35711820,6010025.4121,80475,2919637.1674
1781136000000,0.1681,0.1803,0.1679,0.1760,22898550,4019141.2628,56801,2004144.8906
1781222400000,0.1761,0.1790,0.1696,0.1708,13844271,2420252.2395,43585,1218725.4749
1781308800000,0.1708,0.1774,0.1706,0.1752,10097874,1759832.3330,27518,814540.2926
1781395200000,0.1752,0.1811,0.1719,0.1798,10570742,1853887.8139,33626,923052.1886
1781481600000,0.1798,0.1868,0.1783,0.1813,12365551,2255818.9884,38319,1042565.2538
1781568000000,0.1813,0.1971,0.1769,0.1930,50771299,9469918.9888,103622,4638550.2157
1781654400000,0.1930,0.2057,0.1863,0.1901,61922436,12118861.1478,127751,5738195.7383
1781740800000,0.1902,0.1915,0.1732,0.1805,22081449,3996198.4209,55590,1870582.5187
1781827200000,0.1804,0.1807,0.1733,0.1765,11420179,2010701.0561,37475,992141.2086
1781913600000,0.1764,0.1788,0.1726,0.1761,10002699,1761550.7398,31701,818218.7784
1782000000000,0.1760,0.1805,0.1730,0.1732,10339779,1831052.7744,30014,858276.6490
1782086400000,0.1732,0.1791,0.1689,0.1706,11769506,2053109.8677,33490,896195.6671
1782172800000,0.1706,0.1714,0.1603,0.1661,15619739,2595627.5976,49494,1164403.6084
1782259200000,0.1660,0.1667,0.1436,0.1503,43537307,6665352.9740,124494,2946466.5343
1782345600000,0.1503,0.1523,0.1384,0.1470,26911874,3945882.3959,51533,1765928.8238
1782432000000,0.1471,0.1518,0.1408,0.1482,18833778,2773070.2251,42959,1419089.6005
1782518400000,0.1481,0.1594,0.1479,0.1508,22164696,3407674.9268,48239,1638656.9832
1782604800000,0.1508,0.1531,0.1461,0.1496,14212590,2131189.7107,35267,1037887.3763
1782691200000,0.1496,0.1533,0.1473,0.1500,14907080,2245416.4740,32558,1067498.3404
1782777600000,0.1501,0.1525,0.1453,0.1487,28898707,4305812.5447,41191,2002137.3928
1782864000000,0.1488,0.1555,0.1453,0.1509,18559240,2816318.1050,38765,1376326.1678
1782950400000,0.1510,0.1617,0.1491,0.1600,16451530,2562327.8494,30876,1194193.0596
1783036800000,0.1600,0.1640,0.1589,0.1617,12383303,2003897.5740,26003,925007.7307
1783123200000,0.1617,0.1676,0.1596,0.1631,10801287,1768679.8932,24667,830859.2749
1783209600000,0.1631,0.1634,0.1574,0.1621,7459565,1198416.3082,16901,606704.7842
1783296000000,0.1621,0.1684,0.1557,0.1664,13224385,2137009.5605,27724,1050488.7174
1783382400000,0.1663,0.1686,0.1577,0.1606,12367284,2011435.5942,30749,924194.3825
1783468800000,0.1606,0.1625,0.1552,0.1604,12746776,2020138.3132,25797,964929.9305
1783555200000,0.1605,0.1627,0.1589,0.1596,5298434,851532.0880,15923,432573.6925
1783641600000,0.1595,0.1684,0.1579,0.1650,9645346,1589057.2722,26593,787177.9505
1783728000000,0.1649,0.1710,0.1618,0.1628,9731100,1617686.7642,20594,762626.2161
1783814400000,0.1627,0.1662,0.1595,0.1614,7082514,1154379.6199,16436,532655.7576
1783900800000,0.1614,0.1643,0.1546,0.1589,7620593,1213250.1232,20036,600491.2800
1783987200000,0.1589,0.1672,0.1586,0.1657,15811289,2595330.5634,32750,1225855.4662
1784073600000,0.1657,0.1679,0.1633,0.1642,8668601,1436251.6732,17326,659587.6948
1784160000000,0.1641,0.1724,0.1621,0.1631,24362107,4089353.8576,46170,2007722.0087
1784246400000,0.1631,0.1654,0.1576,0.1611,15164507,2439511.6759,28104,1147854.9379
1784332800000,0.1610,0.1642,0.1589,0.1619,12272963,1983371.3545,22475,1119071.4719
1784419200000,0.1621,0.1786,0.1617,0.1692,40991142,7057767.6701,80839,3476775.0368
1784505600000,0.1692,0.1712,0.1636,0.1651,19900445,3317324.4806,59292,1706423.1106
1784592000000,0.1650,0.1713,0.1634,0.1689,13473228,2265910.2464,28152,1153957.3998
1784678400000,0.1689,0.1743,0.1647,0.1709,15485413,2633943.1445,32110,1237474.3124
1784764800000,0.1709,0.1779,0.1666,0.1740,14416168,2471646.0568,32439,1191216.7139
1784851200000,0.1740,0.1750,0.1634,0.1649,14960311,2526951.0488,29648,1160194.5029
1784937600000,0.1650,0.1657,0.1616,0.1640,7470162,1223280.1380,15599,600772.5682
1785024000000,0.1640,0.1675,0.1619,0.1649,11499183,1891919.2903,24113,956571.6552
1785110400000,0.1649,0.1676,0.1528,0.1548,16890039,2714177.8690,33285,1140668.2824
1785196800000,0.1549,0.1569,0.1512,0.1538,10841186,1673926.0627,22984,770465.6760
1785283200000,0.1538,0.1546,0.1456,0.1499,13589700,2035623.0929,28833,1039045.0514
1785369600000,0.1499,0.1553,0.1495,0.1532,10081962,1536999.2198,23004,801338.1363
1785456000000,0.1533,0.1556,0.1490,0.1517,9341128,1417723.5276,24191,689886.6714
1785542400000,0.1518,0.1563,0.1496,0.1511,10537802,1615004.5832,27199,742161.3321
1785628800000,0.1511,0.1571,0.1511,0.1558,9401996,1458715.1364,22343,710727.2686
1785715200000,0.1557,0.1577,0.1528,0.1548,8171479,1266461.6434,23581,632002.3626
1785801600000,0.1548,0.1593,0.1543,0.1565,13883812,2178028.2729,26761,1149374.0121
1785888000000,0.1565,0.1582,0.1526,0.1536,10326559,1601038.1377,23467,740937.7486
1785974400000,0.1536,0.1724,0.1530,0.1658,49222857,8167988.0456,104779,4206771.2927
1786060800000,0.1659,0.1697,0.1607,0.1656,27711266,4596448.5814,60161,2244416.9005
1786147200000,0.1657,0.1692,0.1637,0.1651,11165653,1852439.1550,29987,919258.9020
1786233600000,0.1652,0.1793,0.1634,0.1684,21991793,3757189.8929,68122,1848025.1639
1786320000000,0.1682,0.1737,0.1638,0.1671,27937673,4703680.7970,70198,2349518.9525
1786406400000,0.1671,0.1691,0.1564,0.1613,20057725,3255034.9080,43654,1407924.5487
1786492800000,0.1613,0.1704,0.1580,0.1609,22938898,3753129.9054,50613,1871977.6362
1786579200000,0.1609,0.1633,0.1573,0.1599,10173146,1631847.5073,22443,769269.4902
1786665600000,0.1600,0.1610,0.1521,0.1574,15297551,2379563.4430,42220,1205639.2690
1786752000000,0.1574,0.1622,0.1564,0.1595,10912007,1743127.4259,29973,786763.7569
1786838400000,0.1595,0.1614,0.1565,0.1586,8656219,1379550.4413,18518,641337.7168
1786924800000,0.1587,0.1623,0.1584,0.1609,5860544,942563.9877,30513,455678.2758
1787011200000,0.1610,0.1610,0.1563,0.1607,5624497,894743.5953,32528,411805.9272
1787097600000,0.1608,0.1747,0.1589,0.1713,16370266,2716876.5091,48407,1370049.4532
1787184000000,0.1714,0.1837,0.1712,0.1815,14768056,2620706.8041,44012,1242700.9170
1787270400000,0.1815,0.2034,0.1814,0.2019,26360839,5079839.8843,76949,2420179.7858
1787356800000,0.2020,0.2199,0.1873,0.2046,48687468,10230981.7189,156466,4959752.1596
1787443200000,0.2046,0.2128,0.1942,0.2061,20051945,4102984.8757,62141,2002850.1750
1787529600000,0.2061,0.2063,0.1966,0.1988,14408808,2904674.4832,52828,1345964.2462
1787616000000,0.1988,0.2076,0.1900,0.1940,14433691,2885642.6488,49645,1345332.8043
1787702400000,0.1941,0.2033,0.1918,0.2010,13652742,2695171.1287,46439,1299893.3849
1787788800000,0.2011,0.2048,0.1947,0.1983,11546560,2298602.8778,42624,1108505.2655
1787875200000,0.1984,0.2030,0.1841,0.1880,18404572,3518491.9294,53444,1657612.4930
1787961600000,0.1881,0.1940,0.1852,0.1897,10242686,1934958.9359,35600,975204.3981
1788048000000,0.1898,0.2043,0.1856,0.1887,34934640,6871766.7708,92710,3270321.5751
1788134400000,0.1887,0.1964,0.1879,0.1952,16218190,3114938.8850,48886,1530146.8927
1788220800000,0.1953,0.2046,0.1918,0.1996,33630624,6679121.8785,81918,3169056.4453
1788307200000,0.1995,0.2169,0.1905,0.1936,52891862,10807277.1383,126538,5123914.2883
1788393600000,0.1936,0.2045,0.1907,0.1996,28230579,5572418.6770,73915,2598664.7937
1788480000000,0.1997,0.2017,0.1826,0.1899,24777746,4804920.1618,90389,2166807.0461
1788566400000,0.1899,0.2828,0.1894,0.2549,370464676,94162170.9884,782725,46919589.6832
1788652800000,0.2548,0.2725,0.2303,0.2509,395510061,98665046.2135,842316,47432742.7257
1788739200000,0.2511,0.2525,0.2334,0.2381,78068095,18707760.9125,272903,8817441.1850
1788825600000,0.2382,0.2443,0.2280,0.2380,55923620,13249368.3467,181497,6358252.8519
1788912000000,0.2381,0.2424,0.2140,0.2184,43781575,10129088.8177,145159,4345188.3858
1788998400000,0.2185,0.2226,0.2102,0.2122,26709102,5770259.6086,105566,2725087.7814
1789084800000,0.2123,0.2234,0.2078,0.2170,30668139,6613115.9326,99035,3103984.0724
1789171200000,0.2170,0.2258,0.2163,0.2244,17674134,3896353.3846,57738,1817272.3112
1789257600000,0.2244,0.2268,0.2140,0.2171,22003476,4881441.6237,68100,2235760.8829
1789344000000,0.2170,0.2249,0.2145,0.2148,17833292,3918751.4941,64957,1781055.7966
1789430400000,0.2148,0.2172,0.2019,0.2073,26855255,5653286.0969,78276,2635719.8983
1789516800000,0.2072,0.2158,0.2008,0.2150,20763202,4277860.1556,72854,2145355.9950
1789603200000,0.2150,0.2328,0.2125,0.2310,39535862,8843138.6215,104694,4379664.0616
1789689600000,0.2310,0.2574,0.2283,0.2485,65461173,15968590.1745,167897,7544446.5272
1789776000000,0.2485,0.2552,0.2425,0.2503,33678513,8380883.1515,93901,3779282.2192
1789862400000,0.2503,0.2608,0.2363,0.2537,34964784,8629735.6255,111501,3990146.5025
1789948800000,0.2537,0.2638,0.2461,0.2558,35068125,8946867.5778,113849,4076190.0813
1790035200000,0.2557,0.2685,0.2471,0.2664,38435365,9822971.4767,129643,4799440.6593
1790121600000,0.2665,0.2806,0.2439,0.2458,70000392,18696777.6199,215299,8645582.6079
1790208000000,0.2458,0.2647,0.2409,0.2555,23219879,5854836.2908,88026,2771503.6585
1790294400000,0.2555,0.2702,0.2521,0.2674,33798669,8769816.9362,111987,4131713.6462
1790380800000,0.2674,0.2752,0.2597,0.2688,22718451,6055187.7792,75619,2885063.0999
1790467200000,0.2687,0.2772,0.2630,0.2700,18224770,4910489.4103,70765,2210069.2911
1790553600000,0.2700,0.2730,0.2458,0.2531,29453795,7528028.3451,110209,3748879.3724
1790640000000,0.2532,0.2729,0.2426,0.2621,36138188,9431565.1777,133139,4721195.3236
1790726400000,0.2620,0.2894,0.2602,0.2714,54784678,14989725.3326,192796,7075301.2909
1790812800000,0.2713,0.2738,0.2574,0.2611,20831137,5512173.3288,91673,2530004.2597
1790899200000,0.2612,0.2689,0.2447,0.2532,22666171,5838871.3732,90547,2877716.6281
1790985600000,0.2532,0.2579,0.2481,0.2560,11278943,2859976.6005,57386,1415605.4695
